0	0
0	-1
100	11
200	9
300	21
400	25
500	27
600	21
700	3
800	-7
900	-7
1000	-3
1100	-27
1200	-29
1300	-35
1400	-41
1500	-41
1600	-51
1700	-61
1800	-65
1900	-79
2000	-87
2100	-85
2200	-89
2300	-103
2400	-103
2500	-119
2600	-139
2700	-143
2800	-145
2900	-175
3000	-167
3100	-175
3200	-183
3300	-177
3400	-199
3500	-207
3600	-219
3700	-217
3800	-219
3900	-209
4000	-215
4100	-207
4200	-211
4300	-215
4400	-237
4500	-237
4600	-249
4700	-261
4800	-265
4900	-265
5000	-263
5100	-263
5200	-253
5300	-249
5400	-263
5500	-269
5600	-275
5700	-267
5800	-265
5900	-281
6000	-279
6100	-281
6200	-293
6300	-285
6400	-285
6500	-295
6600	-291
6700	-291
6800	-281
6900	-301
7000	-311
7100	-325
7200	-325
7300	-343
7400	-339
7500	-325
7600	-343
7700	-351
7800	-341
7900	-347
8000	-343
8100	-355
8200	-363
8300	-361
8400	-349
8500	-353
8600	-355
8700	-371
8800	-371
8900	-383
9000	-385
9100	-395
9200	-409
9300	-409
9400	-421
9500	-423
9600	-415
9700	-419
9800	-413
9900	-405
10000	-405
10100	-417
10200	-421
10300	-433
10400	-437
10500	-417
10600	-429
10700	-431
10800	-415
10900	-417
11000	-421
11100	-411
11200	-413
11300	-417
11400	-415
11500	-417
11600	-411
11700	-421
11800	-407
11900	-387
12000	-389
12100	-385
12200	-407
12300	-417
12400	-419
12500	-399
12600	-399
12700	-401
12800	-401
12900	-411
13000	-407
13100	-419
13200	-415
13300	-435
13400	-423
13500	-433
13600	-435
13700	-433
13800	-435
13900	-459
14000	-469
14100	-461
14200	-459
14300	-435
14400	-439
14500	-447
14600	-455
14700	-451
14800	-445
14900	-437
15000	-425
15100	-425
15200	-431
15300	-425
15400	-415
15500	-407
15600	-409
15700	-395
15800	-385
15900	-383
16000	-389
16100	-401
16200	-421
16300	-433
16400	-439
16500	-445
16600	-451
16700	-471
16800	-465
16900	-463
17000	-477
17100	-477
17200	-457
17300	-447
17400	-451
17500	-441
17600	-441
17700	-433
17800	-439
17900	-421
18000	-433
18100	-435
18200	-413
18300	-399
18400	-385
18500	-389
18600	-389
18700	-407
18800	-407
18900	-413
19000	-431
19100	-455
19200	-463
19300	-461
19400	-479
19500	-491
19600	-477
19700	-459
19800	-481
19900	-493
20000	-491
20100	-503
20200	-497
20300	-503
20400	-489
20500	-493
20600	-507
20700	-521
20800	-529
20900	-523
21000	-543
21100	-555
21200	-571
21300	-563
21400	-593
21500	-609
21600	-615
21700	-617
21800	-621
21900	-617
22000	-619
22100	-609
22200	-605
22300	-621
22400	-607
22500	-603
22600	-613
22700	-629
22800	-617
22900	-607
23000	-611
23100	-615
23200	-607
23300	-607
23400	-611
23500	-605
23600	-621
23700	-611
23800	-605
23900	-601
24000	-609
24100	-613
24200	-607
24300	-607
24400	-609
24500	-615
24600	-611
24700	-621
24800	-615
24900	-627
25000	-631
25100	-625
25200	-617
25300	-631
25400	-623
25500	-619
25600	-623
25700	-637
25800	-621
25900	-623
26000	-635
26100	-643
26200	-663
26300	-679
26400	-673
26500	-683
26600	-685
26700	-685
26800	-705
26900	-695
27000	-687
27100	-699
27200	-703
27300	-711
27400	-723
27500	-733
27600	-755
27700	-765
27800	-763
27900	-769
28000	-785
28100	-785
28200	-789
28300	-795
28400	-809
28500	-809
28600	-817
28700	-839
28800	-853
28900	-867
29000	-879
29100	-871
29200	-863
29300	-853
29400	-865
29500	-869
29600	-881
29700	-883
29800	-881
29900	-873
30000	-865
30100	-867
30200	-873
30300	-869
30400	-877
30500	-885
30600	-891
30700	-905
30800	-907
30900	-909
31000	-901
31100	-899
31200	-911
31300	-905
31400	-911
31500	-919
31600	-939
31700	-943
31800	-949
31900	-957
32000	-969
32100	-975
32200	-989
32300	-987
32400	-991
32500	-1009
32600	-987
32700	-1003
32800	-993
32900	-1009
33000	-1023
33100	-1025
33200	-1023
33300	-1017
33400	-1015
33500	-1021
33600	-1023
33700	-1029
33800	-1035
33900	-1035
34000	-1049
34100	-1045
34200	-1043
34300	-1033
34400	-1043
34500	-1053
34600	-1061
34700	-1049
34800	-1069
34900	-1069
35000	-1067
35100	-1073
35200	-1071
35300	-1063
35400	-1071
35500	-1063
35600	-1057
35700	-1059
35800	-1061
35900	-1073
36000	-1081
36100	-1087
36200	-1075
36300	-1079
36400	-1087
36500	-1097
36600	-1115
36700	-1135
36800	-1123
36900	-1119
37000	-1113
37100	-1103
37200	-1109
37300	-1113
37400	-1121
37500	-1129
37600	-1141
37700	-1151
37800	-1163
37900	-1179
38000	-1185
38100	-1207
38200	-1185
38300	-1191
38400	-1197
38500	-1211
38600	-1191
38700	-1177
38800	-1171
38900	-1173
39000	-1187
39100	-1191
39200	-1187
39300	-1185
39400	-1183
39500	-1175
39600	-1183
39700	-1203
39800	-1193
39900	-1207
40000	-1221
40100	-1215
40200	-1215
40300	-1223
40400	-1225
40500	-1235
40600	-1261
40700	-1273
40800	-1289
40900	-1299
41000	-1315
41100	-1313
41200	-1319
41300	-1323
41400	-1297
41500	-1289
41600	-1291
41700	-1281
41800	-1281
41900	-1287
42000	-1269
42100	-1265
42200	-1273
42300	-1263
42400	-1259
42500	-1253
42600	-1243
42700	-1235
42800	-1209
42900	-1211
43000	-1235
43100	-1239
43200	-1245
43300	-1243
43400	-1245
43500	-1261
43600	-1251
43700	-1265
43800	-1259
43900	-1255
44000	-1255
44100	-1253
44200	-1247
44300	-1235
44400	-1245
44500	-1245
44600	-1239
44700	-1233
44800	-1243
44900	-1257
45000	-1263
45100	-1265
45200	-1259
45300	-1263
45400	-1261
45500	-1251
45600	-1261
45700	-1277
45800	-1283
45900	-1293
46000	-1299
46100	-1299
46200	-1297
46300	-1307
46400	-1303
46500	-1309
46600	-1301
46700	-1301
46800	-1291
46900	-1293
47000	-1283
47100	-1299
47200	-1283
47300	-1283
47400	-1297
47500	-1313
47600	-1311
47700	-1327
47800	-1337
47900	-1345
48000	-1359
48100	-1369
48200	-1377
48300	-1369
48400	-1359
48500	-1349
48600	-1371
48700	-1375
48800	-1339
48900	-1343
49000	-1337
49100	-1333
49200	-1329
49300	-1339
49400	-1345
49500	-1337
49600	-1341
49700	-1325
49800	-1331
49900	-1331
50000	-1323
50100	-1325
50200	-1331
50300	-1335
50400	-1339
50500	-1323
50600	-1333
50700	-1343
50800	-1335
50900	-1341
51000	-1349
51100	-1353
51200	-1351
51300	-1349
51400	-1337
51500	-1353
51600	-1349
51700	-1341
51800	-1337
51900	-1353
52000	-1353
52100	-1357
52200	-1349
52300	-1359
52400	-1371
52500	-1361
52600	-1363
52700	-1363
52800	-1377
52900	-1383
53000	-1395
53100	-1395
53200	-1367
53300	-1395
53400	-1407
53500	-1415
53600	-1417
53700	-1397
53800	-1389
53900	-1375
54000	-1373
54100	-1385
54200	-1397
54300	-1395
54400	-1393
54500	-1397
54600	-1401
54700	-1417
54800	-1421
54900	-1425
55000	-1419
55100	-1411
55200	-1409
55300	-1423
55400	-1411
55500	-1415
55600	-1413
55700	-1413
55800	-1421
55900	-1407
56000	-1397
56100	-1405
56200	-1423
56300	-1429
56400	-1431
56500	-1453
56600	-1467
56700	-1471
56800	-1471
56900	-1487
57000	-1509
57100	-1499
57200	-1503
57300	-1477
57400	-1487
57500	-1503
57600	-1489
57700	-1495
57800	-1501
57900	-1505
58000	-1495
58100	-1507
58200	-1523
58300	-1519
58400	-1523
58500	-1521
58600	-1497
58700	-1507
58800	-1511
58900	-1507
59000	-1513
59100	-1511
59200	-1523
59300	-1499
59400	-1501
59500	-1495
59600	-1511
59700	-1523
59800	-1531
59900	-1525
60000	-1535
60100	-1551
60200	-1551
60300	-1551
60400	-1557
60500	-1551
60600	-1543
60700	-1537
60800	-1545
60900	-1543
61000	-1543
61100	-1545
61200	-1555
61300	-1561
61400	-1559
61500	-1575
61600	-1585
61700	-1597
61800	-1597
61900	-1591
62000	-1609
62100	-1625
62200	-1631
62300	-1639
62400	-1657
62500	-1665
62600	-1665
62700	-1667
62800	-1677
62900	-1679
63000	-1675
63100	-1671
63200	-1691
63300	-1687
63400	-1693
63500	-1709
63600	-1719
63700	-1725
63800	-1713
63900	-1719
64000	-1707
64100	-1707
64200	-1707
64300	-1683
64400	-1685
64500	-1671
64600	-1679
64700	-1683
64800	-1671
64900	-1671
65000	-1675
65100	-1683
65200	-1683
65300	-1679
65400	-1687
65500	-1687
65600	-1701
65700	-1697
65800	-1689
65900	-1689
66000	-1697
66100	-1691
66200	-1689
66300	-1707
66400	-1711
66500	-1715
66600	-1709
66700	-1709
66800	-1693
66900	-1687
67000	-1697
67100	-1701
67200	-1697
67300	-1679
67400	-1675
67500	-1665
67600	-1651
67700	-1645
67800	-1651
67900	-1657
68000	-1659
68100	-1655
68200	-1671
68300	-1693
68400	-1689
68500	-1709
68600	-1717
68700	-1705
68800	-1707
68900	-1729
69000	-1743
69100	-1739
69200	-1723
69300	-1721
69400	-1731
69500	-1737
69600	-1743
69700	-1749
69800	-1747
69900	-1765
70000	-1759
70100	-1763
70200	-1763
70300	-1769
70400	-1781
70500	-1779
70600	-1791
70700	-1781
70800	-1781
70900	-1771
71000	-1763
71100	-1767
71200	-1779
71300	-1797
71400	-1795
71500	-1799
71600	-1797
71700	-1787
71800	-1789
71900	-1777
72000	-1781
72100	-1771
72200	-1783
72300	-1787
72400	-1795
72500	-1799
72600	-1805
72700	-1797
72800	-1789
72900	-1791
73000	-1779
73100	-1769
73200	-1773
73300	-1781
73400	-1777
73500	-1781
73600	-1775
73700	-1785
73800	-1781
73900	-1789
74000	-1805
74100	-1813
74200	-1809
74300	-1815
74400	-1831
74500	-1837
74600	-1853
74700	-1845
74800	-1837
74900	-1855
75000	-1861
75100	-1847
75200	-1851
75300	-1845
75400	-1843
75500	-1841
75600	-1851
75700	-1877
75800	-1879
75900	-1879
76000	-1895
76100	-1893
76200	-1901
76300	-1909
76400	-1907
76500	-1929
76600	-1933
76700	-1927
76800	-1951
76900	-1961
77000	-1947
77100	-1937
77200	-1935
77300	-1931
77400	-1919
77500	-1917
77600	-1923
77700	-1927
77800	-1927
77900	-1937
78000	-1959
78100	-1979
78200	-1993
78300	-1991
78400	-1981
78500	-1979
78600	-1979
78700	-1985
78800	-1995
78900	-2003
79000	-2023
79100	-2029
79200	-2033
79300	-2037
79400	-2039
79500	-2043
79600	-2039
79700	-2041
79800	-2033
79900	-2047
80000	-2051
80100	-2049
80200	-2063
80300	-2061
80400	-2065
80500	-2057
80600	-2083
80700	-2079
80800	-2087
80900	-2095
81000	-2103
81100	-2089
81200	-2105
81300	-2139
81400	-2141
81500	-2131
81600	-2111
81700	-2113
81800	-2123
81900	-2139
82000	-2143
82100	-2153
82200	-2151
82300	-2159
82400	-2161
82500	-2161
82600	-2165
82700	-2163
82800	-2175
82900	-2159
83000	-2163
83100	-2159
83200	-2157
83300	-2179
83400	-2175
83500	-2171
83600	-2179
83700	-2181
83800	-2181
83900	-2197
84000	-2201
84100	-2203
84200	-2203
84300	-2203
84400	-2209
84500	-2213
84600	-2211
84700	-2229
84800	-2237
84900	-2241
85000	-2249
85100	-2235
85200	-2231
85300	-2227
85400	-2233
85500	-2241
85600	-2247
85700	-2251
85800	-2251
85900	-2261
86000	-2265
86100	-2271
86200	-2267
86300	-2279
86400	-2289
86500	-2291
86600	-2293
86700	-2297
86800	-2297
86900	-2303
87000	-2303
87100	-2317
87200	-2317
87300	-2321
87400	-2321
87500	-2307
87600	-2297
87700	-2291
87800	-2273
87900	-2261
88000	-2261
88100	-2269
88200	-2277
88300	-2287
88400	-2285
88500	-2295
88600	-2313
88700	-2325
88800	-2341
88900	-2329
89000	-2319
89100	-2333
89200	-2335
89300	-2335
89400	-2341
89500	-2351
89600	-2349
89700	-2349
89800	-2353
89900	-2363
90000	-2365
90100	-2359
90200	-2357
90300	-2369
90400	-2377
90500	-2367
90600	-2373
90700	-2381
90800	-2387
90900	-2411
91000	-2427
91100	-2431
91200	-2437
91300	-2427
91400	-2427
91500	-2421
91600	-2411
91700	-2415
91800	-2415
91900	-2419
92000	-2411
92100	-2401
92200	-2409
92300	-2421
92400	-2419
92500	-2413
92600	-2427
92700	-2421
92800	-2417
92900	-2401
93000	-2401
93100	-2399
93200	-2407
93300	-2401
93400	-2405
93500	-2401
93600	-2397
93700	-2419
93800	-2417
93900	-2419
94000	-2417
94100	-2417
94200	-2413
94300	-2417
94400	-2411
94500	-2419
94600	-2413
94700	-2427
94800	-2453
94900	-2451
95000	-2481
95100	-2475
95200	-2465
95300	-2455
95400	-2449
95500	-2459
95600	-2465
95700	-2465
95800	-2483
95900	-2489
96000	-2487
96100	-2483
96200	-2481
96300	-2489
96400	-2479
96500	-2485
96600	-2487
96700	-2485
96800	-2483
96900	-2467
97000	-2473
97100	-2487
97200	-2491
97300	-2495
97400	-2503
97500	-2503
97600	-2491
97700	-2495
97800	-2513
97900	-2515
98000	-2513
98100	-2533
98200	-2549
98300	-2549
98400	-2541
98500	-2533
98600	-2535
98700	-2527
98800	-2523
98900	-2517
99000	-2517
99100	-2503
99200	-2515
99300	-2529
99400	-2535
99500	-2547
99600	-2531
99700	-2547
99800	-2555
99900	-2569
