0
-1
-2
-3
-4
-2
0
2
4
6
5
4
3
2
1
3
5
4
6
8
10
9
11
13
15
14
13
12
14
13
12
14
13
12
11
10
12
11
10
9
8
7
6
8
7
6
5
4
6
5
7
6
8
10
9
8
10
9
11
13
12
11
13
12
11
10
9
8
10
12
11
10
12
11
10
9
8
7
9
8
7
6
5
7
6
5
4
3
2
1
0
-1
-2
-3
-4
-5
-6
-7
-8
-9
-10
-11
-12
-10
-8
-9
-10
-8
-6
-7
-5
-3
-4
-2
-3
-4
-5
-3
-4
-5
-3
-4
-2
-3
-4
-5
-3
-4
-5
-3
-4
-2
-3
-4
-5
-6
-4
-5
-6
-7
-8
-9
-10
-8
-9
-10
-8
-9
-7
-8
-9
-10
-11
-12
-13
-14
-15
-16
-14
-15
-16
-14
-15
-16
-17
-15
-16
-17
-15
-16
-17
-18
-19
-20
-21
-22
-23
-24
-25
-26
-27
-28
-29
-27
-25
-23
-24
-25
-26
-24
-25
-23
-24
-25
-26
-24
-25
-26
-27
-28
-26
-24
-25
-26
-27
-28
-29
-30
-31
-32
-33
-34
-35
-36
-37
-38
-36
-37
-38
-39
-40
-41
-42
-40
-41
-42
-43
-44
-42
-40
-38
-36
-37
-38
-36
-34
-35
-36
-37
-38
-39
-37
-38
-36
-34
-35
-36
-37
-35
-33
-34
-35
-36
-34
-35
-36
-34
-35
-33
-31
-32
-33
-34
-35
-36
-37
-38
-39
-37
-38
-39
-40
-41
-42
-43
-44
-45
-46
-47
-48
-46
-47
-45
-46
-44
-45
-46
-47
-48
-46
-44
-42
-40
-41
-42
-43
-41
-42
-43
-44
-45
-46
-44
-45
-46
-47
-45
-46
-47
-48
-49
-50
-48
-46
-44
-45
-46
-47
-48
-49
-50
-51
-52
-53
-51
-49
-50
-48
-49
-50
-51
-49
-50
-51
-52
-53
-51
-49
-47
-48
-49
-50
-48
-49
-50
-51
-49
-50
-51
-49
-50
-51
-52
-53
-54
-55
-53
-54
-55
-53
-54
-52
-53
-54
-55
-53
-54
-55
-53
-54
-55
-56
-57
-55
-56
-57
-58
-59
-60
-61
-62
-60
-58
-56
-57
-58
-59
-60
-61
-59
-57
-58
-59
-60
-61
-59
-60
-61
-59
-60
-61
-62
-63
-61
-62
-63
-61
-59
-57
-58
-59
-60
-61
-62
-63
-61
-59
-60
-58
-56
-57
-55
-56
-57
-58
-56
-54
-55
-53
-54
-55
-56
-57
-55
-56
-57
-58
-59
-60
-61
-62
-63
-64
-65
-66
-64
-62
-60
-58
-56
-57
-58
-56
-57
-58
-59
-60
-58
-59
-60
-58
-59
-60
-58
-59
-57
-58
-56
-57
-58
-59
-57
-58
-56
-57
-55
-56
-57
-58
-59
-57
-58
-59
-60
-58
-56
-57
-58
-56
-54
-55
-53
-51
-49
-50
-51
-52
-53
-51
-49
-50
-51
-49
-47
-48
-49
-50
-51
-52
-53
-54
-52
-53
-51
-52
-53
-54
-55
-56
-57
-58
-56
-57
-58
-56
-54
-52
-53
-54
-52
-53
-54
-55
-56
-57
-58
-59
-60
-61
-62
-63
-64
-62
-63
-64
-65
-66
-67
-68
-69
-67
-68
-66
-67
-68
-69
-70
-71
-72
-73
-71
-69
-70
-71
-69
-70
-71
-72
-73
-74
-72
-73
-74
-75
-73
-74
-72
-73
-74
-72
-73
-74
-75
-76
-77
-78
-76
-74
-72
-70
-68
-69
-70
-71
-72
-70
-68
-69
-67
-65
-63
-61
-62
-63
-64
-62
-60
-61
-59
-60
-61
-59
-60
-61
-62
-63
-61
-62
-63
-61
-62
-60
-61
-62
-63
-64
-65
-66
-67
-68
-66
-64
-62
-63
-64
-65
-63
-61
-62
-63
-64
-62
-63
-64
-62
-60
-58
-56
-54
-55
-56
-54
-55
-53
-54
-55
-53
-51
-52
-53
-54
-55
-56
-57
-58
-59
-60
-58
-56
-57
-58
-59
-60
-61
-59
-60
-58
-59
-60
-61
-59
-60
-61
-62
-63
-61
-62
-63
-61
-62
-63
-64
-65
-66
-64
-65
-63
-64
-65
-63
-64
-65
-66
-64
-62
-63
-64
-65
-66
-67
-68
-69
-70
-71
-69
-67
-68
-69
-70
-71
-72
-73
-74
-75
-73
-71
-72
-73
-74
-72
-73
-74
-75
-73
-74
-75
-76
-74
-75
-73
-74
-75
-76
-77
-75
-73
-74
-75
-76
-74
-72
-70
-71
-72
-73
-71
-69
-70
-71
-69
-70
-68
-69
-70
-71
-72
-73
-74
-75
-73
-71
-72
-73
-71
-72
-73
-74
-75
-76
-77
-75
-76
-77
-75
-76
-77
-78
-79
-80
-78
-79
-77
-75
-76
-77
-78
-79
-80
-78
-79
-77
-78
-76
-77
-78
-79
-80
-78
-79
-80
-81
-79
-77
-78
-79
-77
-78
-76
-77
-75
-73
-74
-75
-76
-77
-78
-79
-80
-78
-79
-80
-81
-79
-77
-78
-79
-77
-75
-73
-74
-75
-76
-77
-78
-79
-77
-75
-73
-71
-72
-73
-74
-72
-70
-68
-66
-67
-68
-69
-70
-68
-69
-70
-71
-69
-67
-68
-66
-67
-68
-69
-67
-68
-69
-67
-65
-66
-64
-65
-66
-67
-65
-63
-64
-65
-66
-64
-65
-66
-67
-65
-66
-67
-65
-63
-64
-65
-63
-64
-65
-63
-64
-65
-66
-67
-68
-69
-70
-71
-72
-73
-74
-72
-73
-71
-69
-70
-71
-72
-73
-71
-72
-73
-71
-72
-73
-74
-72
-73
-74
-72
-70
-71
-69
-67
-65
-66
-67
-68
-69
-70
-71
-69
-67
-65
-63
-61
-59
-57
-58
-59
-60
-58
-56
-57
-55
-56
-54
-55
-56
-57
-55
-56
-54
-55
-53
-54
-52
-53
-54
-55
-56
-54
-55
-53
-54
-55
-56
-57
-58
-59
-60
-61
-59
-60
-58
-59
-57
-58
-59
-60
-61
-62
-63
-61
-62
-60
-61
-59
-60
-61
