0	0
0	-1
10000	-389
20000	-1041
30000	-1501
40000	-1967
50000	-2385
60000	-2746
70000	-2864
80000	-2994
90000	-3202
100000	-3473
110000	-4089
120000	-4258
130000	-4271
140000	-4464
150000	-4579
160000	-4817
170000	-5109
180000	-5218
190000	-5309
200000	-5625
210000	-5731
220000	-5819
230000	-6033
240000	-6199
250000	-6290
260000	-6564
270000	-6955
280000	-7061
290000	-7440
300000	-7915
310000	-8273
320000	-8463
330000	-8767
340000	-9017
350000	-9051
360000	-9217
370000	-9341
380000	-9774
390000	-9922
400000	-10403
410000	-10467
420000	-10753
430000	-11012
440000	-11217
450000	-11548
460000	-11843
470000	-11937
480000	-12079
490000	-12452
500000	-12792
510000	-13024
520000	-13328
530000	-13554
540000	-14029
550000	-14138
560000	-14472
570000	-14776
580000	-15203
590000	-15573
600000	-16111
610000	-16199
620000	-16602
630000	-16846
640000	-17045
650000	-17448
660000	-17716
670000	-17915
680000	-18165
690000	-18373
700000	-18836
710000	-18912
720000	-19255
730000	-19793
740000	-19959
750000	-20611
760000	-20852
770000	-20991
780000	-21124
790000	-21290
800000	-21795
810000	-22000
820000	-22313
830000	-22854
840000	-23191
850000	-23513
860000	-23592
870000	-24004
880000	-24038
890000	-24345
900000	-24760
910000	-25067
920000	-25464
930000	-25855
940000	-26117
950000	-26538
960000	-26800
970000	-27191
980000	-27549
990000	-27625
1000000	-27818
1010000	-28017
1020000	-28291
1030000	-28370
1040000	-28704
1050000	-28726
1060000	-29102
1070000	-29394
1080000	-29515
1090000	-29630
1100000	-30009
1110000	-30373
1120000	-30779
1130000	-31026
1140000	-31264
1150000	-31670
1160000	-31977
1170000	-32077
1180000	-32330
1190000	-32706
1200000	-32992
1210000	-33146
1220000	-33153
1230000	-33409
1240000	-33485
1250000	-34023
1260000	-34273
1270000	-34532
1280000	-34893
1290000	-35140
1300000	-35246
1310000	-35643
1320000	-35956
1330000	-36143
1340000	-36258
1350000	-36601
1360000	-36770
1370000	-37029
1380000	-37201
1390000	-37322
1400000	-37581
1410000	-37846
1420000	-38375
1430000	-38814
1440000	-38899
1450000	-39191
1460000	-39531
1470000	-39712
1480000	-39899
1490000	-40164
1500000	-40435
1510000	-40643
1520000	-40986
1530000	-40900
1540000	-41165
1550000	-41271
1560000	-41341
1570000	-41516
1580000	-41697
1590000	-42268
1600000	-42764
1610000	-43092
1620000	-43381
1630000	-43544
1640000	-43815
1650000	-44164
1660000	-44228
1670000	-44520
1680000	-44866
1690000	-45332
1700000	-45681
1710000	-45994
1720000	-46334
1730000	-46650
1740000	-46960
1750000	-47525
1760000	-47862
1770000	-48166
1780000	-48287
1790000	-48312
1800000	-48460
1810000	-48692
1820000	-48714
1830000	-48832
1840000	-49046
1850000	-49419
1860000	-49522
1870000	-49724
1880000	-50016
1890000	-50209
1900000	-50393
1910000	-50733
1920000	-51022
1930000	-51491
1940000	-51528
1950000	-51616
1960000	-51872
1970000	-52395
1980000	-52648
1990000	-52736
2000000	-53094
2010000	-53191
2020000	-53363
2030000	-53517
2040000	-53689
2050000	-54104
2060000	-54264
2070000	-54514
2080000	-54917
2090000	-55233
2100000	-55624
2110000	-55841
2120000	-56004
2130000	-56167
2140000	-56477
2150000	-56724
2160000	-57421
2170000	-57722
2180000	-58143
2190000	-58534
2200000	-58760
2210000	-58977
2220000	-59224
2230000	-59411
2240000	-59649
2250000	-59782
2260000	-60227
2270000	-60396
2280000	-60613
2290000	-60734
2300000	-61197
2310000	-61420
2320000	-61823
2330000	-62319
2340000	-62605
2350000	-62903
2360000	-63276
2370000	-63607
2380000	-63974
2390000	-64245
2400000	-64825
2410000	-65150
2420000	-65217
2430000	-65620
2440000	-65723
2450000	-66105
2460000	-66454
2470000	-66563
2480000	-66618
2490000	-66781
2500000	-67007
2510000	-67311
2520000	-67582
2530000	-67973
2540000	-68145
2550000	-68620
2560000	-69011
2570000	-69402
2580000	-69715
2590000	-70022
2600000	-70254
2610000	-70600
2620000	-71012
2630000	-71295
2640000	-71722
2650000	-72107
2660000	-72627
2670000	-73030
2680000	-73283
2690000	-73719
2700000	-73951
2710000	-74078
2720000	-74334
2730000	-74461
2740000	-74786
2750000	-75240
2760000	-75529
2770000	-75809
2780000	-76218
2790000	-76498
2800000	-76586
2810000	-76953
2820000	-77503
2830000	-77726
2840000	-77913
2850000	-78094
2860000	-78422
2870000	-78837
2880000	-79060
2890000	-79151
2900000	-79512
2910000	-79714
2920000	-80105
2930000	-80415
2940000	-80620
2950000	-81068
2960000	-81411
2970000	-81838
2980000	-82163
2990000	-82485
3000000	-82606
3010000	-82628
3020000	-82893
3030000	-83188
3040000	-83339
3050000	-83364
3060000	-83560
3070000	-83858
3080000	-84159
3090000	-84259
3100000	-84371
3110000	-84480
3120000	-84559
3130000	-85013
3140000	-85143
3150000	-85390
3160000	-85547
3170000	-85803
3180000	-86203
3190000	-86495
3200000	-86907
3210000	-87130
3220000	-87581
3230000	-87621
3240000	-87862
3250000	-88172
3260000	-88305
3270000	-88660
3280000	-88790
3290000	-89241
3300000	-89431
3310000	-89930
3320000	-89928
3330000	-90133
3340000	-90323
3350000	-90429
3360000	-90907
3370000	-91238
3380000	-91452
3390000	-91786
3400000	-92069
3410000	-92340
3420000	-92596
3430000	-92924
3440000	-93306
3450000	-93499
3460000	-93944
3470000	-94161
3480000	-94468
3490000	-94799
3500000	-95106
3510000	-95356
3520000	-95597
3530000	-95655
3540000	-95692
3550000	-96071
3560000	-96381
3570000	-96409
3580000	-96725
3590000	-96933
3600000	-97126
3610000	-97229
3620000	-97509
3630000	-97813
3640000	-98261
3650000	-98634
3660000	-99160
3670000	-99395
3680000	-99378
3690000	-99592
3700000	-99872
3710000	-100221
3720000	-100393
3730000	-100640
3740000	-100875
3750000	-100876
3760000	-101174
3770000	-101628
3780000	-101782
3790000	-101939
3800000	-101991
3810000	-102424
3820000	-102581
3830000	-102609
3840000	-103261
3850000	-103535
3860000	-103824
3870000	-104098
3880000	-104198
3890000	-104490
3900000	-105001
3910000	-105269
3920000	-105567
3930000	-105787
3940000	-106292
3950000	-106374
3960000	-106915
3970000	-107108
3980000	-107583
3990000	-107989
4000000	-108053
4010000	-108411
4020000	-108646
4030000	-108920
4040000	-109287
4050000	-109630
4060000	-109994
4070000	-110313
4080000	-110530
4090000	-111008
4100000	-111108
4110000	-111289
4120000	-111524
4130000	-111864
4140000	-111937
4150000	-112022
4160000	-112302
4170000	-112531
4180000	-112532
4190000	-112803
4200000	-113182
4210000	-113438
4220000	-113463
4230000	-113902
4240000	-114272
4250000	-114381
4260000	-114520
4270000	-114764
4280000	-114807
4290000	-115027
4300000	-115310
4310000	-115575
4320000	-115675
4330000	-115862
4340000	-116337
4350000	-116629
4360000	-116942
4370000	-117378
4380000	-117577
4390000	-117899
4400000	-118074
4410000	-118489
4420000	-118700
4430000	-119118
4440000	-119392
4450000	-119531
4460000	-119865
4470000	-120217
4480000	-120317
4490000	-120681
4500000	-120703
4510000	-120905
4520000	-121233
4530000	-121525
4540000	-121787
4550000	-122391
4560000	-122653
4570000	-122747
4580000	-122994
4590000	-123340
4600000	-123836
4610000	-124161
4620000	-124282
4630000	-124772
4640000	-125037
4650000	-125272
4660000	-125663
4670000	-125862
4680000	-125932
4690000	-126197
4700000	-126507
4710000	-126601
4720000	-126470
4730000	-126720
4740000	-126910
4750000	-127133
4760000	-127398
4770000	-127414
4780000	-127694
4790000	-128028
4800000	-127963
4810000	-128108
4820000	-128355
4830000	-128515
4840000	-128702
4850000	-129039
4860000	-129259
4870000	-129764
4880000	-129945
4890000	-130240
4900000	-130574
4910000	-131055
4920000	-131329
4930000	-131930
4940000	-132594
4950000	-132736
4960000	-132902
4970000	-133161
4980000	-133264
4990000	-133568
5000000	-133914
5010000	-134275
5020000	-134606
5030000	-134886
5040000	-135016
5050000	-135110
5060000	-135285
5070000	-135430
5080000	-135590
5090000	-135981
5100000	-136255
5110000	-136439
5120000	-137058
5130000	-137407
5140000	-137909
5150000	-138240
5160000	-138361
5170000	-138725
5180000	-139011
5190000	-139405
5200000	-139703
5210000	-139941
5220000	-140290
5230000	-140657
5240000	-140844
5250000	-140986
5260000	-141350
5270000	-141354
5280000	-141916
5290000	-142055
5300000	-142209
5310000	-142246
5320000	-142673
5330000	-142848
5340000	-142975
5350000	-143084
5360000	-143340
5370000	-143497
5380000	-143759
5390000	-144117
5400000	-144472
5410000	-144647
5420000	-144879
5430000	-145066
5440000	-145535
5450000	-145743
5460000	-145951
5470000	-146099
5480000	-146187
5490000	-146281
5500000	-146447
5510000	-146850
5520000	-147157
5530000	-147509
5540000	-147789
5550000	-148129
5560000	-148595
5570000	-148629
5580000	-148795
5590000	-149096
5600000	-149502
5610000	-149683
5620000	-150011
5630000	-150234
5640000	-150223
5650000	-150683
5660000	-150876
5670000	-151105
5680000	-151232
5690000	-151290
5700000	-151699
5710000	-151724
5720000	-152001
5730000	-152065
5740000	-152630
5750000	-152889
5760000	-153313
5770000	-153563
5780000	-153987
5790000	-154390
5800000	-154538
5810000	-154872
5820000	-155221
5830000	-155570
5840000	-155901
5850000	-156109
5860000	-156536
5870000	-157002
5880000	-157111
5890000	-157517
5900000	-157719
5910000	-158005
5920000	-158213
5930000	-158505
5940000	-158938
5950000	-159074
5960000	-159273
5970000	-159601
5980000	-159776
5990000	-160002
6000000	-160438
6010000	-160901
6020000	-161160
6030000	-161596
6040000	-162101
6050000	-162399
6060000	-162367
6070000	-162539
6080000	-163137
6090000	-163456
6100000	-163802
6110000	-164250
6120000	-164428
6130000	-164801
6140000	-165102
6150000	-165289
6160000	-165404
6170000	-165861
6180000	-166033
6190000	-166184
6200000	-166368
6210000	-166666
6220000	-166883
6230000	-167145
6240000	-167446
6250000	-167864
6260000	-168123
6270000	-168190
6280000	-168710
6290000	-169068
6300000	-169405
6310000	-169586
6320000	-169665
6330000	-169855
6340000	-170423
6350000	-170790
6360000	-171094
6370000	-171260
6380000	-171522
6390000	-171604
6400000	-171671
6410000	-171870
6420000	-172117
6430000	-172427
6440000	-172836
6450000	-173155
6460000	-173585
6470000	-173733
6480000	-173812
6490000	-174416
6500000	-174909
6510000	-175153
6520000	-175220
6530000	-175425
6540000	-175576
6550000	-175823
6560000	-176157
6570000	-176449
6580000	-176513
6590000	-176907
6600000	-177274
6610000	-177608
6620000	-177864
6630000	-178192
6640000	-178490
6650000	-178692
6660000	-178945
6670000	-179159
6680000	-179400
6690000	-180061
6700000	-180275
6710000	-180528
6720000	-180754
6730000	-180875
6740000	-181212
6750000	-181540
6760000	-181577
6770000	-181764
6780000	-182059
6790000	-182516
6800000	-182451
6810000	-182563
6820000	-182990
6830000	-183246
6840000	-183493
6850000	-183632
6860000	-183573
6870000	-184120
6880000	-184484
6890000	-185055
6900000	-185476
6910000	-185744
6920000	-186021
6930000	-186349
6940000	-186692
6950000	-187023
6960000	-187414
6970000	-187664
6980000	-188094
6990000	-188281
7000000	-188504
7010000	-188757
7020000	-189046
7030000	-189197
7040000	-189453
7050000	-189754
7060000	-190274
7070000	-190641
7080000	-190918
7090000	-191111
7100000	-191001
7110000	-191167
7120000	-191441
7130000	-191724
7140000	-192058
7150000	-192356
7160000	-192648
7170000	-193126
7180000	-193505
7190000	-193626
7200000	-194062
7210000	-194117
7220000	-194376
7230000	-194548
7240000	-195083
7250000	-195318
7260000	-195556
7270000	-195950
7280000	-196299
7290000	-196417
7300000	-196649
7310000	-196896
7320000	-197098
7330000	-197489
7340000	-197505
7350000	-197854
7360000	-197990
7370000	-198351
7380000	-198652
7390000	-199016
7400000	-199269
7410000	-199573
7420000	-199862
7430000	-200076
7440000	-200275
7450000	-200507
7460000	-200859
7470000	-201160
7480000	-201572
7490000	-201618
7500000	-202048
7510000	-202322
7520000	-202788
7530000	-202789
7540000	-202907
7550000	-203502
7560000	-203635
7570000	-203966
7580000	-204072
7590000	-204304
7600000	-204356
7610000	-204477
7620000	-204655
7630000	-204866
7640000	-205179
7650000	-205426
7660000	-205778
7670000	-205938
7680000	-206296
7690000	-206219
7700000	-206412
7710000	-206536
7720000	-206777
7730000	-206775
7740000	-206917
7750000	-207191
7760000	-207378
7770000	-207760
7780000	-208196
7790000	-208569
7800000	-208891
7810000	-209240
7820000	-209577
7830000	-209989
7840000	-210290
7850000	-210738
7860000	-210967
7870000	-211196
7880000	-211680
7890000	-211873
7900000	-212243
7910000	-212406
7920000	-212764
7930000	-212846
7940000	-213036
7950000	-213301
7960000	-213584
7970000	-213996
7980000	-214237
7990000	-214427
8000000	-214857
8010000	-215053
8020000	-215237
8030000	-215430
8040000	-215623
8050000	-215939
8060000	-215892
8070000	-215923
8080000	-216149
8090000	-216471
8100000	-216910
8110000	-217151
8120000	-217374
8130000	-217636
8140000	-217934
8150000	-218220
8160000	-218440
8170000	-218840
8180000	-219132
8190000	-219337
8200000	-219929
8210000	-219891
8220000	-220198
8230000	-220388
8240000	-220371
8250000	-220570
8260000	-220916
8270000	-221499
8280000	-221635
8290000	-222026
8300000	-222267
8310000	-222568
8320000	-223013
8330000	-223281
8340000	-223564
8350000	-223841
8360000	-224262
8370000	-224563
8380000	-224816
8390000	-224853
8400000	-225196
8410000	-225575
8420000	-225588
8430000	-225829
8440000	-226145
8450000	-226155
8460000	-226450
8470000	-226580
8480000	-226680
8490000	-226927
8500000	-227264
8510000	-227784
8520000	-228049
8530000	-228653
8540000	-229044
8550000	-229459
8560000	-229904
8570000	-230094
8580000	-230380
8590000	-230681
8600000	-231276
8610000	-231355
8620000	-231806
8630000	-232113
8640000	-232366
8650000	-232781
8660000	-232770
8670000	-232999
8680000	-233510
8690000	-233472
8700000	-233824
8710000	-234128
8720000	-234444
8730000	-234688
8740000	-234746
8750000	-235173
8760000	-235681
8770000	-235997
8780000	-236409
8790000	-236674
8800000	-236912
8810000	-237153
8820000	-237409
8830000	-237335
8840000	-237822
8850000	-238123
8860000	-238601
8870000	-238947
8880000	-239353
8890000	-239651
8900000	-240066
8910000	-240076
8920000	-240545
8930000	-240792
8940000	-241240
8950000	-241046
8960000	-241089
8970000	-241330
8980000	-241583
8990000	-241899
9000000	-242245
9010000	-242537
9020000	-242931
9030000	-243043
9040000	-243143
9050000	-243651
9060000	-243937
9070000	-244247
9080000	-244449
9090000	-244510
9100000	-244466
9110000	-244647
9120000	-244894
9130000	-245165
9140000	-245445
9150000	-245788
9160000	-245948
9170000	-246330
9180000	-246778
9190000	-246911
9200000	-247014
9210000	-247408
9220000	-247679
9230000	-248016
9240000	-248197
9250000	-248384
9260000	-248520
9270000	-248836
9280000	-249215
9290000	-249603
9300000	-249916
9310000	-250364
9320000	-250440
9330000	-250720
9340000	-251105
9350000	-251604
9360000	-251917
9370000	-252128
9380000	-252306
9390000	-252742
9400000	-253118
9410000	-253386
9420000	-253771
9430000	-254054
9440000	-254085
9450000	-254434
9460000	-254819
9470000	-255054
9480000	-255178
9490000	-255446
9500000	-255786
9510000	-256114
9520000	-256034
9530000	-256002
9540000	-256303
9550000	-256565
9560000	-256710
9570000	-256981
9580000	-257345
9590000	-257490
9600000	-257935
9610000	-258170
9620000	-258360
9630000	-258682
9640000	-258902
9650000	-258969
9660000	-259435
9670000	-259586
9680000	-259923
9690000	-260434
9700000	-260816
9710000	-261345
9720000	-261658
9730000	-262142
9740000	-262245
9750000	-262618
9760000	-262745
9770000	-263007
9780000	-263086
9790000	-263228
9800000	-263232
9810000	-263521
9820000	-263924
9830000	-264369
9840000	-264670
9850000	-264857
9860000	-265119
9870000	-265462
9880000	-265829
9890000	-265926
9900000	-266146
9910000	-266609
9920000	-266613
9930000	-266920
9940000	-267134
9950000	-267402
9960000	-267757
9970000	-268025
9980000	-268398
9990000	-268495
