0	0
0	-1
10	-11
20	-3
30	5
40	4
50	3
60	-7
70	-17
80	-9
90	-1
100	7
110	6
120	5
130	4
140	3
150	11
160	1
170	-9
180	-10
190	-20
200	15
210	14
220	4
230	12
240	11
250	1
260	0
270	17
280	16
290	33
300	41
310	49
320	39
330	38
340	37
350	36
360	53
370	70
380	60
390	68
400	67
410	66
420	65
430	64
440	63
450	62
460	61
470	51
480	41
490	49
500	57
510	47
520	46
530	63
540	62
550	88
560	96
570	86
580	85
590	93
600	110
610	100
620	108
630	98
640	97
650	87
660	95
670	85
680	102
690	110
700	100
710	99
720	107
730	97
740	105
750	95
760	94
770	93
780	92
790	91
800	90
810	80
820	79
830	78
840	68
850	67
860	57
870	56
880	46
890	72
900	71
910	70
920	78
930	77
940	67
950	66
960	56
970	55
980	45
990	53
1000	52
1010	60
1020	59
1030	49
1040	39
1050	38
1060	28
1070	18
1080	17
1090	16
1100	24
1110	14
1120	13
1130	3
1140	2
1150	1
1160	9
1170	17
1180	7
1190	15
1200	14
1210	22
1220	21
1230	20
1240	46
1250	54
1260	53
1270	52
1280	42
1290	32
1300	22
1310	21
1320	11
1330	10
1340	9
1350	8
1360	-2
1370	-3
1380	-13
1390	-14
1400	-15
1410	-7
1420	10
1430	18
1440	8
1450	7
1460	6
1470	5
1480	31
1490	21
1500	20
1510	19
1520	27
1530	17
1540	34
1550	33
1560	32
1570	22
1580	21
1590	29
1600	19
1610	18
1620	8
1630	7
1640	-3
1650	5
1660	4
1670	-6
1680	11
1690	1
1700	-9
1710	-19
1720	-20
1730	-3
1740	-13
1750	-14
1760	-15
1770	-25
1780	-26
1790	-27
1800	-28
1810	-20
1820	-30
1830	-22
1840	-14
1850	-15
1860	-25
1870	-17
1880	-18
1890	-19
1900	-29
1910	-30
1920	-31
1930	-14
1940	-6
1950	-7
1960	-17
1970	-9
1980	-10
1990	-20
2000	-30
2010	-31
2020	-41
2030	-42
2040	-52
2050	-53
2060	-54
2070	-46
2080	-56
2090	-39
2100	-22
2110	-14
2120	-6
2130	-7
2140	-17
2150	-18
2160	-19
2170	-29
2180	-30
2190	-22
2200	-14
2210	-24
2220	-34
2230	-26
2240	-27
2250	-28
2260	-38
2270	-39
2280	-49
2290	-50
2300	-60
2310	-61
2320	-62
2330	-63
2340	-73
2350	-74
2360	-66
2370	-76
2380	-68
2390	-69
2400	-70
2410	-44
2420	-27
2430	-19
2440	-11
2450	-3
2460	-13
2470	-5
2480	-6
2490	2
2500	1
2510	0
2520	-10
2530	-20
2540	-12
2550	-4
2560	4
2570	-6
2580	-16
2590	-17
2600	-18
2610	-19
2620	-20
2630	-12
2640	-13
2650	-5
2660	3
2670	2
2680	19
2690	18
2700	26
2710	34
2720	33
2730	32
2740	31
2750	30
2760	38
2770	46
2780	36
2790	35
2800	25
2810	33
2820	41
2830	40
2840	57
2850	47
2860	37
2870	36
2880	35
2890	34
2900	33
2910	23
2920	31
2930	21
2940	20
2950	10
2960	9
2970	26
2980	25
2990	24
3000	14
3010	13
3020	12
3030	2
3040	1
3050	0
3060	8
3070	-2
3080	6
3090	5
3100	-5
3110	3
3120	2
3130	10
3140	18
3150	35
3160	25
3170	15
3180	32
3190	22
3200	12
3210	29
3220	19
3230	27
3240	17
3250	16
3260	33
3270	23
3280	22
3290	21
3300	29
3310	28
3320	45
3330	35
3340	34
3350	24
3360	23
3370	22
3380	39
3390	29
3400	46
3410	36
3420	35
3430	43
3440	60
3450	68
3460	58
3470	48
3480	74
3490	91
3500	90
3510	98
3520	88
3530	87
3540	77
3550	76
3560	84
3570	101
3580	109
3590	108
3600	107
3610	97
3620	87
3630	104
3640	94
3650	84
3660	83
3670	73
3680	81
3690	80
3700	79
3710	87
3720	86
3730	76
3740	66
3750	65
3760	64
3770	108
3780	116
3790	115
3800	105
3810	113
3820	103
3830	102
3840	92
3850	91
3860	81
3870	80
3880	88
3890	87
3900	77
3910	85
3920	75
3930	101
3940	100
3950	108
3960	107
3970	97
3980	105
3990	122
4000	112
4010	129
4020	128
4030	118
4040	117
4050	125
4060	133
4070	141
4080	140
4090	157
4100	147
4110	146
4120	145
4130	135
4140	134
4150	133
4160	132
4170	140
4180	148
4190	147
4200	155
4210	145
4220	144
4230	134
4240	124
4250	114
4260	104
4270	112
4280	138
4290	146
4300	145
4310	153
4320	143
4330	142
4340	141
4350	140
4360	139
4370	129
4380	128
4390	136
4400	135
4410	125
4420	124
4430	123
4440	122
4450	130
4460	138
4470	146
4480	145
4490	144
4500	152
4510	151
4520	159
4530	149
4540	139
4550	138
4560	146
4570	136
4580	135
4590	134
4600	124
4610	114
4620	113
4630	103
4640	93
4650	101
4660	100
4670	108
4680	98
4690	97
4700	96
4710	95
4720	103
4730	120
4740	128
4750	127
4760	117
4770	134
4780	142
4790	132
4800	122
4810	121
4820	111
4830	110
4840	127
4850	126
4860	125
4870	115
4880	123
4890	149
4900	148
4910	147
4920	137
4930	127
4940	126
4950	134
4960	151
4970	159
4980	167
4990	157
5000	147
5010	146
5020	145
5030	135
5040	134
5050	133
5060	141
5070	140
5080	139
5090	138
5100	128
5110	118
5120	126
5130	134
5140	133
5150	123
5160	113
5170	112
5180	120
5190	128
5200	127
5210	135
5220	125
5230	124
5240	114
5250	104
5260	94
5270	84
5280	74
5290	64
5300	72
5310	80
5320	70
5330	69
5340	59
5350	49
5360	48
5370	38
5380	37
5390	27
5400	44
5410	34
5420	60
5430	77
5440	67
5450	66
5460	56
5470	73
5480	63
5490	80
5500	106
5510	105
5520	140
5530	130
5540	138
5550	128
5560	118
5570	117
5580	125
5590	133
5600	123
5610	122
5620	121
5630	129
5640	119
5650	109
5660	99
5670	107
5680	124
5690	114
5700	104
5710	103
5720	111
5730	110
5740	100
5750	90
5760	80
5770	70
5780	69
5790	68
5800	67
5810	75
5820	83
5830	100
5840	99
5850	89
5860	88
5870	87
5880	77
5890	85
5900	93
5910	83
5920	73
5930	72
5940	71
5950	70
5960	69
5970	59
5980	58
5990	66
6000	56
6010	82
6020	72
6030	71
6040	79
6050	69
6060	77
6070	76
6080	75
6090	65
6100	64
6110	63
6120	62
6130	61
6140	69
6150	59
6160	58
6170	57
6180	47
6190	46
6200	63
6210	62
6220	61
6230	69
6240	59
6250	58
6260	57
6270	56
6280	64
6290	54
6300	71
6310	61
6320	51
6330	50
6340	40
6350	39
6360	38
6370	46
6380	36
6390	35
6400	25
6410	33
6420	23
6430	31
6440	21
6450	11
6460	10
6470	0
6480	-10
6490	-20
6500	-21
6510	-31
6520	-32
6530	-33
6540	-34
6550	-44
6560	-54
6570	-46
6580	-56
6590	-66
6600	-76
6610	-68
6620	-78
6630	-79
6640	-80
6650	-90
6660	-100
6670	-110
6680	-111
6690	-94
6700	-104
6710	-105
6720	-106
6730	-116
6740	-126
6750	-118
6760	-83
6770	-93
6780	-94
6790	-59
6800	-60
6810	-61
6820	-53
6830	-63
6840	-64
6850	-56
6860	-48
6870	-58
6880	-50
6890	-51
6900	-52
6910	-62
6920	-72
6930	-82
6940	-83
6950	-84
6960	-85
6970	-95
6980	-96
6990	-88
7000	-80
7010	-81
7020	-82
7030	-83
7040	-75
7050	-85
7060	-68
7070	-69
7080	-79
7090	-80
7100	-72
7110	-73
7120	-83
7130	-84
7140	-94
7150	-86
7160	-87
7170	-79
7180	-80
7190	-81
7200	-73
7210	-74
7220	-48
7230	-49
7240	-50
7250	-42
7260	-43
7270	-53
7280	-54
7290	-55
7300	-29
7310	-30
7320	-40
7330	-50
7340	-51
7350	-43
7360	-53
7370	-54
7380	-55
7390	-65
7400	-57
7410	-58
7420	-59
7430	-69
7440	-70
7450	-80
7460	-90
7470	-91
7480	-83
7490	-84
7500	-94
7510	-95
7520	-105
7530	-97
7540	-98
7550	-99
7560	-91
7570	-101
7580	-111
7590	-121
7600	-113
7610	-114
7620	-115
7630	-125
7640	-135
7650	-136
7660	-137
7670	-138
7680	-139
7690	-140
7700	-141
7710	-142
7720	-143
7730	-126
7740	-118
7750	-119
7760	-129
7770	-112
7780	-122
7790	-123
7800	-124
7810	-134
7820	-135
7830	-127
7840	-119
7850	-111
7860	-121
7870	-113
7880	-114
7890	-115
7900	-116
7910	-108
7920	-118
7930	-119
7940	-129
7950	-130
7960	-131
7970	-114
7980	-115
7990	-125
8000	-126
8010	-118
8020	-128
8030	-129
8040	-121
8050	-122
8060	-132
8070	-115
8080	-107
8090	-117
8100	-118
8110	-101
8120	-111
8130	-112
8140	-104
8150	-78
8160	-88
8170	-80
8180	-90
8190	-100
8200	-92
8210	-102
8220	-94
8230	-104
8240	-105
8250	-97
8260	-80
8270	-81
8280	-91
8290	-83
8300	-84
8310	-94
8320	-104
8330	-87
8340	-97
8350	-98
8360	-90
8370	-91
8380	-101
8390	-111
8400	-112
8410	-113
8420	-96
8430	-88
8440	-98
8450	-90
8460	-91
8470	-101
8480	-111
8490	-112
8500	-95
8510	-96
8520	-97
8530	-80
8540	-81
8550	-82
8560	-92
8570	-66
8580	-67
8590	-77
8600	-87
8610	-88
8620	-80
8630	-90
8640	-82
8650	-83
8660	-84
8670	-85
8680	-95
8690	-105
8700	-106
8710	-107
8720	-108
8730	-109
8740	-101
8750	-102
8760	-112
8770	-113
8780	-114
8790	-106
8800	-116
8810	-117
8820	-109
8830	-110
8840	-111
8850	-103
8860	-104
8870	-114
8880	-97
8890	-89
8900	-99
8910	-100
8920	-92
8930	-93
8940	-103
8950	-95
8960	-87
8970	-97
8980	-107
8990	-117
9000	-127
9010	-128
9020	-129
9030	-121
9040	-131
9050	-141
9060	-151
9070	-152
9080	-135
9090	-127
9100	-119
9110	-120
9120	-121
9130	-122
9140	-123
9150	-124
9160	-134
9170	-135
9180	-136
9190	-146
9200	-147
9210	-148
9220	-158
9230	-132
9240	-124
9250	-134
9260	-144
9270	-154
9280	-155
9290	-156
9300	-139
9310	-131
9320	-132
9330	-133
9340	-134
9350	-144
9360	-154
9370	-146
9380	-138
9390	-130
9400	-131
9410	-123
9420	-106
9430	-116
9440	-108
9450	-109
9460	-119
9470	-120
9480	-121
9490	-113
9500	-105
9510	-115
9520	-116
9530	-108
9540	-100
9550	-101
9560	-84
9570	-94
9580	-86
9590	-96
9600	-106
9610	-98
9620	-90
9630	-91
9640	-101
9650	-102
9660	-103
9670	-113
9680	-114
9690	-106
9700	-107
9710	-108
9720	-109
9730	-101
9740	-111
9750	-112
9760	-113
9770	-96
9780	-97
9790	-89
9800	-72
9810	-73
9820	-83
9830	-84
9840	-85
9850	-86
9860	-60
9870	-61
9880	-71
9890	-54
9900	-64
9910	-56
9920	-48
9930	-58
9940	-50
9950	-42
9960	-52
9970	-62
9980	-63
9990	-73
