0
-1
-2
0
-1
-2
-3
-4
-5
-6
-7
-8
-6
-4
-2
-3
-4
-5
-6
-7
-5
-6
-4
-2
-3
-4
-5
-6
-4
-2
-3
-4
-2
-3
-4
-5
-3
-4
-5
-3
-1
1
3
2
1
3
2
1
0
-1
1
0
2
1
0
-1
1
0
2
1
0
-1
-2
-3
-4
-5
-6
-7
-5
-6
-4
-5
-3
-1
-2
0
-1
1
0
-1
-2
-3
-4
-2
-3
-1
1
0
-1
-2
-3
-4
-5
-6
-4
-5
-6
-7
-8
-9
-7
-5
-3
-1
-2
0
2
1
0
2
1
0
-1
-2
-3
-4
-5
-6
-7
-5
-3
-4
-5
-6
-7
-8
-9
-7
-8
-9
-10
-8
-6
-4
-2
0
-1
1
0
-1
-2
-3
-1
-2
0
2
1
0
-1
-2
-3
-4
-2
-3
-4
-5
-6
-4
-2
-3
-4
-2
0
-1
-2
-3
-4
-5
-6
-7
-5
-6
-4
-5
-3
-1
1
3
5
7
9
11
10
9
8
10
12
11
10
9
8
10
9
8
7
6
5
7
6
5
4
3
2
1
0
2
1
0
2
4
3
2
1
3
2
4
3
5
7
6
5
7
6
5
4
3
2
4
3
2
4
6
8
7
6
5
4
3
2
1
3
5
7
6
5
4
3
2
1
0
-1
1
0
-1
1
3
2
4
3
5
4
3
2
1
0
-1
-2
-3
-4
-5
-6
-7
-8
-9
-7
-8
-9
-10
-11
-12
-13
-14
-12
-13
-14
-12
-13
-11
-9
-10
-8
-9
-10
-11
-12
-10
-11
-9
-10
-11
-12
-13
-14
-15
-16
-14
-15
-13
-14
-15
-16
-17
-18
-19
-20
-21
-22
-20
-18
-19
-17
-15
-13
-14
-15
-13
-14
-12
-13
-14
-15
-16
-14
-15
-16
-17
-18
-16
-17
-15
-16
-17
-18
-16
-17
-18
-19
-20
-18
-19
-20
-18
-16
-17
-18
-19
-20
-18
-19
-17
-15
-13
-14
-15
-13
-11
-12
-13
-11
-12
-13
-14
-12
-10
-8
-6
-7
-5
-6
-7
-8
-9
-10
-11
-12
-13
-11
-9
-7
-8
-9
-10
-11
-12
-13
-14
-12
-13
-14
-15
-16
-14
-15
-16
-17
-18
-16
-17
-18
-19
-17
-15
-16
-14
-15
-16
-17
-15
-13
-14
-15
-16
-17
-15
-16
-14
-15
-16
-17
-15
-16
-17
-18
-19
-20
-21
-19
-20
-18
-16
-17
-18
-19
-20
-21
-22
-23
-24
-22
-23
-24
-25
-26
-27
-28
-29
-27
-28
-29
-30
-31
-29
-27
-28
-29
-27
-28
-29
-30
-31
-32
-33
-34
-35
-33
-34
-32
-33
-34
-35
-33
-31
-32
-30
-31
-32
-30
-28
-26
-27
-28
-29
-30
-31
-29
-30
-31
-32
-30
-31
-32
-33
-34
-35
-33
-34
-35
-36
-34
-35
-36
-34
-35
-33
-34
-35
-33
-34
-32
-33
-31
-32
-33
-34
-35
-33
-31
-32
-33
-34
-35
-36
-37
-38
-39
-40
-38
-39
-37
-38
-39
-40
-41
-42
-43
-41
-39
-40
-38
-39
-40
-41
-42
-40
-41
-39
-37
-38
-39
-40
-38
-39
-40
-38
-39
-37
-35
-33
-31
-32
-33
-34
-35
-33
-31
-32
-33
-34
-32
-33
-34
-35
-33
-34
-32
-33
-34
-35
-33
-34
-35
-33
-34
-35
-36
-37
-38
-39
-37
-38
-36
-37
-38
-36
-37
-35
-36
-34
-32
-33
-34
-35
-36
-34
-35
-36
-34
-35
-36
-34
-35
-36
-34
-35
-36
-37
-38
-39
-40
-41
-42
-43
-41
-42
-43
-44
-45
-46
-44
-45
-46
-44
-45
-46
-44
-42
-43
-44
-45
-46
-47
-48
-46
-44
-45
-46
-47
-48
-49
-50
-48
-49
-47
-48
-49
-50
-48
-49
-47
-45
-43
-44
-45
-46
-44
-42
-43
-44
-42
-43
-41
-42
-43
-44
-45
-46
-47
-48
-49
-47
-48
-49
-47
-45
-46
-47
-48
-49
-50
-51
-52
-53
-54
-52
-53
-51
-52
-53
-51
-49
-50
-48
-49
-50
-51
-49
-50
-51
-52
-50
-48
-49
-50
-48
-46
-47
-48
-49
-50
-51
-52
-53
-54
-52
-50
-51
-52
-53
-54
-55
-56
-54
-55
-56
-57
-58
-56
-54
-52
-50
-48
-49
-50
-51
-52
-50
-51
-52
-50
-51
-49
-50
-51
-52
-53
-54
-52
-53
-54
-55
-56
-57
-55
-56
-57
-58
-59
-60
-61
-62
-60
-61
-62
-63
-64
-62
-60
-61
-62
-63
-64
-65
-66
-67
-68
-69
-70
-71
-72
-73
-74
-75
-76
-77
-75
-76
-77
-78
-76
-77
-75
-76
-77
-78
-79
-80
-78
-76
-74
-75
-76
-77
-78
-79
-77
-78
-79
-80
-81
-82
-83
-84
-82
-83
-81
-82
-83
-81
-79
-80
-81
-82
-83
-84
-85
-86
-84
-85
-83
-81
-79
-80
-81
-82
-80
-81
-82
-83
-81
-79
-80
-81
-79
-80
-81
-82
-83
-84
-82
-83
-84
-85
-83
-84
-85
-86
-87
-88
-86
-84
-85
-86
-87
-88
-89
-87
-88
-86
-87
-88
-89
-87
-88
-89
-90
-91
-92
-93
-94
-95
-96
-97
-98
-96
-94
-95
-93
-94
-92
-93
-91
-92
-90
-91
-92
-93
-94
-92
-93
-94
-92
-93
-94
-92
-90
-91
-92
-90
-91
-92
-93
-94
-95
-93
-94
-95
-96
-97
-98
-99
-97
-95
-96
-97
-98
-99
-100
-101
-99
-97
-98
-99
-97
-98
-96
-97
-95
-96
-94
-95
-96
-97
-98
-99
-97
-98
-99
-100
-101
-102
-103
-104
-105
-106
-104
-102
-100
-101
-102
-100
-101
-99
-97
-98
-99
-100
-101
-102
-100
-101
-102
-103
-104
-105
-106
-107
-108
-109
-110
-111
-109
