0
-1
-2
0
-1
1
0
2
1
3
2
1
0
-1
-2
0
-1
-2
0
-1
-2
-3
-4
-2
-3
-4
-5
-6
-7
-8
-9
-10
-11
-12
-13
-14
-12
-13
-14
-15
-16
-17
-18
-19
-20
-21
-22
-23
-24
-25
-26
-27
-25
-23
-24
-25
-23
-24
-22
-23
-21
-22
-23
-24
-22
-20
-21
-22
-20
-18
-19
-20
-21
-22
-20
-18
-19
-20
-18
-19
-20
-21
-22
-23
-24
-25
-26
-27
-25
-23
-21
-22
-23
-24
-25
-26
-27
-25
-23
-24
-25
-23
-24
-22
-20
-21
-22
-20
-18
-16
-17
-18
-19
-17
-18
-19
-17
-15
-13
-14
-12
-13
-11
-12
-10
-8
-9
-10
-8
-9
-10
-8
-6
-7
-8
-9
-10
-11
-9
-7
-8
-9
-10
-11
-12
-13
-14
-12
-13
-11
-12
-13
-14
-15
-16
-17
-15
-16
-17
-18
-19
-20
-21
-22
-23
-21
-19
-20
-21
-22
-23
-24
-22
-20
-21
-19
-17
-18
-16
-17
-18
-19
-17
-18
-19
-20
-18
-16
-17
-15
-16
-14
-15
-16
-17
-18
-19
-17
-18
-19
-20
-21
-22
-20
-21
-22
-20
-21
-22
-20
-21
-22
-23
-24
-25
-26
-24
-25
-26
-27
-28
-29
-30
-28
-26
-27
-25
-23
-24
-22
-23
-24
-25
-26
-27
-25
-23
-24
-25
-26
-24
-25
-26
-27
-25
-26
-24
-22
-23
-24
-25
-23
-21
-19
-20
-21
-19
-20
-18
-16
-17
-18
-19
-20
-18
-19
-20
-18
-19
-20
-18
-16
-14
-15
-13
-14
-15
-16
-17
-18
-16
-14
-15
-16
-17
-15
-13
-14
-15
-13
-14
-12
-13
-14
-15
-16
-17
-15
-13
-14
-15
-16
-17
-15
-16
-14
-12
-10
-11
-9
-10
-11
-12
-10
-11
-12
-10
-8
-9
-10
-11
-12
-10
-11
-12
-10
-8
-9
-10
-8
-9
-10
-11
-9
-10
-11
-9
-10
-11
-9
-7
-5
-6
-4
-5
-6
-7
-8
-6
-7
-8
-9
-10
-11
-12
-13
-14
-15
-16
-14
-15
-16
-17
-18
-19
-17
-15
-13
-11
-12
-10
-11
-9
-10
-11
-12
-10
-11
-9
-10
-8
-6
-4
-5
-3
-1
-2
0
-1
-2
0
-1
-2
-3
-4
-2
-3
-1
-2
-3
-1
1
0
-1
1
0
-1
-2
-3
-1
-2
0
-1
-2
-3
-4
-2
-3
-1
-2
-3
-4
-5
-6
-4
-5
-6
-7
-8
-9
-10
-8
-6
-7
-8
-9
-10
-11
-9
-7
-8
-9
-7
-8
-9
-10
-11
-9
-10
-11
-12
-13
-14
-15
-16
-17
-18
-16
-14
-15
-13
-14
-12
-13
-14
-15
-16
-17
-15
-16
-14
-12
-13
-14
-12
-10
-8
-9
-7
-8
-9
-10
-11
-12
-10
-8
-6
-4
-2
-3
-1
-2
-3
-4
-2
-3
-4
-5
-3
-4
-5
-3
-4
-5
-3
-4
-5
-3
-1
-2
-3
-4
-5
-6
-7
-8
-6
-4
-5
-6
-7
-8
-9
-7
-5
-6
-7
-5
-6
-7
-8
-6
-7
-5
-6
-7
-8
-9
-10
-11
-12
-13
-14
-15
-13
-14
-15
-13
-11
-12
-13
-14
-15
-16
-14
-12
-13
-14
-15
-16
-14
-15
-16
-17
-15
-16
-14
-15
-16
-14
-15
-13
-14
-15
-16
-17
-18
-16
-17
-15
-16
-17
-18
-19
-20
-18
-16
-17
-18
-19
-20
-21
-22
-23
-24
-22
-20
-18
-19
-20
-18
-19
-20
-18
-16
-14
-12
-13
-14
-15
-16
-17
-15
-16
-14
-15
-16
-17
-18
-19
-20
-21
-19
-20
-21
-22
-20
-21
-22
-23
-21
-22
-23
-24
-22
-23
-24
-25
-26
-27
-28
-29
-30
-28
-29
-30
-31
-29
-30
-28
-29
-30
-31
-32
-33
-31
-32
-30
-28
-26
-27
-25
-26
-27
-25
-26
-27
-25
-26
-24
-25
-26
-24
-22
-23
-24
-25
-26
-27
-28
-26
-27
-25
-26
-27
-28
-29
-30
-31
-32
-33
-34
-35
-36
-37
-38
-36
-37
-38
-36
-34
-32
-33
-31
-29
-27
-25
-26
-27
-25
-26
-27
-28
-29
-30
-31
-32
-33
-34
-32
-30
-31
-32
-33
-34
-32
-33
-34
-35
-33
-34
-35
-36
-37
-38
-36
-34
-35
-33
-34
-35
-36
-34
-35
-36
-34
-35
-36
-37
-35
-36
-37
-38
-36
-34
-35
-33
-34
-35
-33
-31
-32
-33
-34
-35
-33
-34
-35
-36
-34
-35
-36
-37
-38
-36
-34
-32
-33
-34
-32
-30
-28
-29
-30
-28
-29
-30
-28
-29
-27
-25
-26
-27
-28
-29
-27
-28
-26
-27
-25
-26
-27
-28
-29
-27
-28
-29
-30
-28
-29
-30
-28
-29
-30
-31
-32
-33
-31
-32
-33
-31
-32
-30
-31
-32
-33
-34
-32
-33
-31
-29
-30
-28
-29
-30
-31
-32
-33
-34
-35
-36
-37
-35
-36
-37
-35
-36
-34
-35
-36
-37
-38
-39
-40
-41
-42
-40
-38
-36
-37
-38
-39
-37
-35
-33
-34
-35
-33
-34
-35
-36
-37
-38
-39
-37
-38
-36
-37
-38
-39
-40
-38
-39
-40
-41
-39
-40
-41
-39
-37
-35
-36
-37
-38
-39
-37
-38
-36
-34
-32
-33
-34
-35
-36
-37
-38
-39
-40
-38
-39
-40
-41
-39
-40
-41
-42
-43
-44
-45
-46
-47
-45
-46
-44
-42
-43
-41
-39
-40
-41
-42
-40
-41
-39
-40
-41
-42
-43
-44
-42
-43
-44
-45
-46
-47
-48
-46
-44
-42
-40
-41
-42
-43
-44
-45
-46
-44
-45
-46
-47
-48
-46
-44
-45
-46
-44
-42
-43
-44
-45
-43
-41
-42
-43
-44
-42
-43
-44
-45
-46
-47
-45
-46
-47
-48
-49
-50
-48
-46
-47
-48
-49
-50
-51
-52
-53
-51
-49
-50
-48
-49
-50
-51
-52
-53
-51
-49
-47
-48
-46
-47
-48
-49
-50
-51
-52
-53
-54
-55
-56
-54
-55
-53
-51
-52
-53
-51
-52
-50
-51
-49
-50
-48
-49
-47
-45
-46
-44
-45
-46
-47
-48
-49
-47
-48
-49
-50
-51
-52
-50
-51
-52
-53
-51
-52
-53
-54
-55
-56
-54
-55
-53
-54
-52
-50
-48
-46
-44
-45
-43
-44
-45
-46
-47
-48
-46
-47
-48
-49
-50
-51
-52
-50
-51
-49
-47
-48
-49
-50
-51
-49
-50
-48
-49
-50
-51
-52
-53
-54
-52
-50
-51
-52
-53
-51
-52
-53
-54
-52
-53
-51
-49
-50
-51
-52
-53
-51
-49
-50
-51
-52
-53
-54
-52
-53
-54
-55
-56
-57
-58
-59
-60
-61
-59
-57
-55
-53
-54
-55
-53
-54
-55
-53
-54
-55
-56
-57
-58
-59
-60
-58
-59
-60
-58
-59
-60
-58
-59
-60
-58
-56
-57
-55
-53
-51
-52
-50
-51
-52
-53
-54
-52
-53
-54
-55
-56
-57
-58
-59
-60
-58
-59
-60
-58
-59
-60
-61
-59
-57
-58
-59
-60
-61
-62
-63
-61
-62
-63
-64
-62
-60
-61
-59
-60
-58
-59
-57
-58
-56
-57
-58
-59
-57
-58
-59
-57
-58
-59
-57
-58
-59
-60
-61
-62
-63
-61
-62
-63
-61
-62
-63
-61
-62
-60
-61
-62
-63
-61
-62
-63
-61
-59
-57
-58
-59
-60
-61
-59
-57
-58
-59
-60
-61
-62
-63
-64
-65
-66
-64
-62
-63
-64
-65
-66
-67
-68
-66
-67
-68
-69
-70
-68
-69
-70
-71
-72
-73
-74
-75
-76
-77
-78
-79
-77
-78
-79
-80
-81
-79
-80
-81
-82
-83
-84
-82
-80
-81
-82
-80
-78
-76
-74
-75
-73
-74
-75
-76
-77
-78
-79
-77
-78
-79
-80
-81
-82
-83
-84
-82
-80
-78
-76
-74
-75
-76
-77
-78
-79
-80
-81
-82
-83
-81
-82
-80
-81
-82
-80
-81
-79
-77
-78
-79
-80
-78
-76
-74
-75
-73
-74
-75
-73
-74
-72
-70
-68
-69
-70
-71
-72
-73
-74
-75
-76
-77
-78
-79
-77
-78
-76
-74
-75
-73
-74
-75
-76
-74
-75
-73
-74
-72
-70
-71
-72
-73
-74
-75
-76
-77
-78
-79
-80
-81
-82
-83
-81
-79
-80
-81
-82
-83
-84
-85
-86
-87
-88
-86
-87
-88
-89
-87
-88
-89
-90
-91
-89
-90
-91
-92
-93
-94
-95
-96
-97
-98
-99
-100
-101
-102
-100
-101
-102
-103
-101
-102
-103
-104
-102
-103
-104
-102
-103
-101
-102
-103
-104
-105
-103
-104
-102
-103
-101
-102
-100
-98
-99
-100
-98
-99
-97
-98
-99
-100
-101
-102
-103
-101
-102
-103
-104
-105
-106
-107
-108
-109
-110
-111
-109
-110
-111
-112
-113
-111
-112
-113
-114
-115
-116
-114
-115
-113
-114
-115
-113
-111
-112
-113
-114
-115
-113
-114
-115
-116
-114
-115
-116
-117
-118
-116
-117
-118
-116
-117
-115
-116
-117
-118
-116
-114
-115
-116
-114
-115
-113
-111
-112
-110
-108
-109
-107
-108
-109
-110
-111
-112
-110
-111
-112
-113
-114
-115
-116
-117
-118
-119
-120
-121
-122
-123
-121
-119
-120
-121
-119
-120
-121
-122
-123
-124
-122
-123
-121
-119
-120
-121
-119
-120
-121
-119
-117
-115
-113
-111
-112
-113
-111
-109
-107
-105
-103
-104
-105
-103
-101
-102
-103
-101
-102
-103
-104
-102
-100
-101
-102
-100
-98
-96
-94
-95
-96
-97
-98
-99
-100
-101
-102
-103
-104
-105
-106
-107
-108
-106
-104
-102
-103
-104
-102
-100
-101
-99
-100
-98
-96
-97
-98
-96
-97
-98
-99
-100
-98
-96
-97
-98
-96
-97
-95
-93
-94
-95
-96
-94
-92
-90
-91
-92
-93
-94
-92
-93
-94
-95
-96
-94
-92
-93
-94
-95
-96
-97
-98
-96
-97
-98
-99
-97
-98
-99
-97
-95
-96
-94
-92
-93
-91
-92
-93
-94
-92
-90
-91
-92
-93
-94
-95
-96
-97
-98
-96
-97
-98
-99
-100
-101
-102
-103
-104
-105
-103
-101
-99
-100
-98
-99
-97
-98
-99
-97
-98
-99
-100
-101
-99
-97
-98
-99
-100
-101
-102
-103
-104
-102
-100
-101
-102
-103
-104
-105
-106
-107
-108
-109
-110
-108
-106
-104
-105
-103
-104
-102
-103
-104
-102
-100
-101
-102
-103
-104
-105
-106
-107
-108
-109
-110
-111
-112
-110
-111
-109
-110
-108
-109
-110
-108
-106
-107
-108
-109
-110
-111
-112
-113
-114
-115
-116
-117
-115
-116
-117
-118
-119
-117
-118
-119
-120
-118
-119
-120
-121
-119
-120
-118
-119
-120
-121
-122
-123
-121
-122
-123
-121
-119
-120
-121
-119
-117
-118
-119
-120
-121
-122
-123
-124
-125
-126
-127
-128
-129
-127
-128
-126
-127
-128
-126
-127
-128
-129
-130
-131
-129
-130
-131
-132
-133
-131
-132
-133
-134
-135
-133
-134
-132
-130
-131
-132
-130
-131
-132
-133
-134
-132
-130
-131
-132
-133
-134
-135
-136
-137
-135
-136
-137
-138
-139
-140
-141
-139
-140
-141
-139
-140
-141
-142
-143
-144
-145
-146
-147
-148
-149
-150
-151
-149
-147
-145
-146
-147
-145
-146
-147
-148
-149
-150
-148
-146
-144
-145
-146
-147
-145
-143
-144
-145
-143
-144
-142
-143
-144
-145
-146
-147
-145
-143
-144
-142
-140
-141
-142
-143
-141
-139
-137
-138
-139
-140
-141
-142
-143
-144
-145
-146
-147
-148
-149
-147
-148
-149
-150
-148
-149
-150
-148
-149
-150
-151
-152
-153
-154
-152
-153
-154
-155
-153
-154
-152
-153
-151
-152
-150
-148
-146
-144
-145
-143
-144
-145
-146
-147
-145
-146
-147
-148
-149
-150
-148
-146
-144
-145
-143
-141
-142
-143
-144
-142
-143
-144
-145
-146
-144
-145
-143
-141
-142
-143
-144
-145
-143
-144
-145
-146
-147
-145
-143
-141
-142
-140
-138
-136
-137
-138
-139
-140
-141
-142
-143
-141
-142
-143
-144
-145
-143
-144
-145
-143
-144
-142
-143
-141
-142
-143
-144
-142
-140
-138
-139
-137
-138
-139
-140
-138
-139
-140
-141
-139
-140
-141
-142
-143
-144
-145
-146
-144
-145
-146
-147
-148
-149
-150
-151
-149
-150
-151
-149
-150
-148
-146
-147
-145
-146
-144
-145
-143
-141
-142
-140
-141
-142
-140
-141
-139
-140
-141
-142
-143
-141
-139
-140
-141
-142
-143
-144
-145
-146
-147
-145
-146
-144
-142
-143
-144
-142
-143
-144
-145
-146
-147
-145
-143
-141
-142
-140
-138
-136
-134
-132
-133
-131
-129
-130
-131
-132
-133
-131
-132
-130
-131
-132
-133
-131
-129
-127
-128
-129
-127
-125
-123
-124
-125
-126
-127
-125
-126
-127
-128
-129
-130
-131
-132
-130
-131
-132
-133
-131
-132
-133
-134
-135
-136
-134
-135
-133
-134
-132
-133
-134
-132
-133
-134
-132
-133
-131
-132
-133
-131
-132
-133
-134
-135
-136
-137
-135
-136
-137
-138
-136
-134
-135
-136
-137
-138
-139
-137
-135
-136
-137
-138
-139
-137
-138
-139
-140
-138
-139
-137
-138
-139
-140
-141
-139
-140
-141
-139
-137
-138
-139
-140
-141
-142
-140
-141
-139
-140
-141
-142
-143
-144
-145
-146
-144
-145
-146
-147
-148
-146
-147
-145
-146
-147
-148
-149
-147
-145
-146
-147
-145
-146
-147
-148
-146
-147
-148
-149
-150
-151
-152
-153
-151
-149
-150
-151
-152
-153
-151
-152
-150
-151
-152
-150
-151
-152
-150
-148
-149
-150
-148
-149
-150
-148
-149
-147
-148
-149
-150
-148
-146
-144
-145
-146
-147
-148
-146
-144
-145
-143
-141
-142
-143
-144
-145
-143
-144
-142
-143
-141
-142
-140
-141
-139
-140
-141
-142
-143
-144
-145
-143
-144
-145
-146
-147
-148
-149
-150
-148
-149
-150
-151
-152
-150
-148
-149
-150
-151
-152
-150
-151
-152
-153
-154
-155
-156
-157
-158
-159
-160
-158
-156
-157
-158
-159
-160
-161
-159
-160
-161
-159
-160
-158
-159
-160
-161
-162
-160
-161
-162
-163
-164
-165
-166
-167
-165
-163
-164
-162
-163
-164
-162
-160
-158
-156
-157
-155
-153
-154
-155
-153
-154
-152
-150
-148
-149
-147
-148
-149
-150
-151
-149
-150
-148
-149
-150
-148
-146
-147
-145
-146
-147
-148
-149
-150
-151
-149
-150
-151
-152
-150
-151
-149
-150
-151
-152
-153
-151
-149
-147
-148
-149
-150
-148
-149
-150
-148
-149
-147
-148
-149
-150
-148
-146
-144
-142
-143
-141
-142
-143
-141
-142
-143
-144
-145
-146
-144
-142
-140
-138
-139
-140
-138
-139
-140
-141
-142
-143
-141
-142
-143
-141
-142
-140
-141
-142
-140
-141
-142
-140
-138
-136
-137
-138
-139
-140
-141
-142
-143
-144
-145
-143
-144
-145
-146
-147
-145
-143
-144
-145
-146
-147
-148
-149
-150
-151
-152
-153
-151
-152
-150
-151
-149
-150
-148
-146
-147
-145
-143
-144
-145
-146
-147
-145
-146
-147
-148
-146
-144
-142
-143
-144
-145
-146
-147
-145
-143
-141
-142
-140
-138
-139
-137
-135
-136
-134
-132
-133
-131
-129
-130
-131
-132
-133
-134
-135
-136
-137
-135
-136
-137
-138
-139
-140
-141
-142
-140
-138
-136
-137
-135
-136
-134
-132
-133
-134
-135
-133
-134
-135
-136
-134
-135
-136
-137
-135
-136
-137
-138
-139
-140
-138
-139
-140
-141
-142
-140
-138
-139
-140
-138
-139
-140
-141
-142
-140
-138
-136
-134
-135
-136
-137
-138
-136
-137
-138
-139
-140
-138
-139
-140
-138
-139
-140
-138
-139
-140
-141
-142
-143
-144
-145
-143
-144
-145
-143
-141
-142
-143
-144
-145
-143
-144
-145
-146
-147
-148
-149
-147
-148
-146
-147
-145
-143
-141
-139
-140
-141
-139
-137
-138
-139
-137
-138
-139
-140
-138
-139
-137
-138
-139
-140
-138
-139
-140
-138
-139
-137
-138
-139
-140
-141
-142
-143
-141
-142
-140
-141
-139
-140
-138
-139
-140
-141
-139
-140
-138
-139
-137
-138
-139
-140
-141
-142
-140
-141
-142
-140
-138
-136
-134
-135
-136
-137
-135
-133
-134
-135
-133
-134
-135
-136
-137
-138
-139
-137
-135
-136
-134
-132
-133
-134
-135
-136
-137
-135
-136
-137
-138
-139
-140
-141
-142
-143
-144
-145
-146
-147
-145
-146
-147
-148
-149
-150
-148
-149
-150
-151
-152
-150
-151
-149
-147
-145
-146
-147
-145
-146
-147
-148
-149
-150
-148
-146
-144
-142
-143
-144
-142
-143
-144
-145
-146
-147
-145
-146
-144
-142
-140
-141
-142
-140
-138
-136
-134
-135
-136
-137
-138
-139
-137
-138
-139
-140
-138
-139
-137
-135
-136
-137
-135
-136
-134
-132
-133
-131
-132
-133
-134
-132
-130
-128
-126
-124
-125
-126
-127
-128
-129
-130
-128
-129
-127
-125
-123
-124
-125
-126
-127
-128
-126
-127
-128
-129
-130
-131
-132
-133
-134
-135
-136
-137
-138
-136
-137
-138
-139
-140
-141
-142
-140
-138
-139
-137
-135
-136
-137
-138
-136
-137
-135
-133
-134
-135
-136
-137
-138
-139
-140
-141
-142
-143
-144
-142
-140
-141
-142
-143
-144
-142
-143
-144
-142
-143
-144
-145
-143
-141
-142
-143
-144
-145
-146
-147
-148
-149
-150
-151
-152
-153
-151
-152
-150
-148
-146
-147
-148
-149
-150
-151
-152
-153
-154
-152
-150
-151
-149
-150
-151
-152
-150
-151
-149
-147
-148
-149
-147
-148
-146
-144
-145
-146
-147
-148
-146
-147
-148
-146
-147
-145
-146
-144
-145
-146
-147
-148
-149
-150
-151
-149
-150
-148
-149
-150
-151
-152
-150
-151
-152
-150
-148
-149
-150
-151
-152
-153
-154
-155
-156
-154
-155
-153
-154
-152
-150
-151
-152
-150
-151
-149
-150
-151
-149
-147
-145
-146
-147
-148
-149
-147
-145
-146
-147
-148
-149
-150
-151
-152
-153
-154
-155
-153
-154
-155
-153
-154
-155
-156
-157
-155
-156
-154
-155
-153
-154
-152
-153
-154
-155
-156
-154
-152
-153
-154
-155
-156
-157
-158
-156
-157
-158
-159
-160
-161
-162
-163
-164
-165
-166
-164
-162
-160
-161
-162
-163
-164
-165
-163
-164
-165
-166
-167
-165
-166
-167
-165
-163
-161
-159
-160
-161
-162
-160
-161
-162
-163
-161
-162
-163
-164
-165
-163
-161
-159
-157
-158
-156
-157
-155
-156
-154
-155
-156
-154
-155
-156
-157
-155
-156
-154
-155
-156
-157
-158
-159
-160
-161
-162
-163
-164
-162
-163
-164
-162
-160
-161
-162
-160
-158
-159
-160
-161
-159
-157
-158
-156
-154
-152
-150
-151
-152
-153
-151
-152
-150
-151
-152
-153
-154
-152
-153
-154
-155
-156
-157
-155
-156
-157
-158
-156
-157
-158
-159
-160
-161
-162
-160
-161
-159
-160
-161
-162
-163
-164
-165
-166
-167
-165
-163
-161
-162
-163
-161
-162
-160
-161
-162
-160
-158
-159
-160
-161
-162
-163
-161
-162
-160
-158
-159
-160
-161
-162
-160
-161
-162
-163
-164
-162
-160
-161
-162
-163
-161
-162
-163
-161
-162
-163
-161
-159
-157
-158
-159
-157
-155
-156
-157
-158
-159
-157
-158
-159
-157
-158
-159
-160
-161
-159
-160
-158
-159
-160
-161
-159
-160
-158
-159
-157
-155
-153
-154
-155
-153
-151
-152
-150
-148
-149
-150
-151
-152
-150
-148
-149
-150
-151
-152
-153
-151
-152
-153
-154
-155
-156
-157
-158
-159
-160
-161
-162
-163
-164
-162
-160
-161
-162
-163
-164
-162
-163
-164
-165
-163
-164
-165
-166
-164
-165
-166
-167
-168
-166
-167
-165
-166
-167
-165
-166
-167
-168
-169
-170
-171
-169
-170
-168
-166
-164
-162
-163
-161
-162
-163
-164
-162
-163
-161
-162
-160
-161
-162
-163
-161
-162
-163
-164
-165
-166
-167
-168
-169
-170
-168
-169
-170
-171
-169
-167
-165
-166
-164
-165
-163
-161
-159
-160
-158
-159
-157
-155
-156
-157
-158
-156
-157
-155
-153
-154
-155
-156
-157
-158
-156
-154
-155
-153
-154
-155
-156
-157
-158
-159
-160
-158
-159
-160
-161
-162
-160
-158
-159
-157
-158
-159
-160
-161
-162
-163
-164
-162
-163
-161
-162
-160
-161
-162
-163
-164
-165
-163
-161
-162
-163
-161
-162
-163
-164
-165
-163
-164
-165
-166
-164
-162
-160
-161
-162
-163
-161
-162
-160
-161
-159
-160
-158
-156
-154
-152
-153
-154
-155
-153
-151
-152
-153
-151
-152
-153
-154
-155
-156
-157
-158
-156
-157
-155
-153
-151
-152
-153
-151
-149
-150
-151
-149
-150
-151
-149
-150
-148
-149
-150
-151
-152
-150
-151
-152
-153
-154
-155
-153
-151
-152
-153
-154
-155
-156
-157
-155
-156
-154
-152
-150
-151
-149
-150
-151
-152
-153
-151
-149
-150
-151
-149
-147
-148
-146
-147
-148
-149
-150
-151
-149
-150
-151
-152
-153
-154
-155
-153
-154
-155
-156
-154
-155
-156
-157
-158
-159
-160
-158
-159
-157
-158
-159
-160
-161
-162
-163
-164
-165
-166
-167
-168
-166
-167
-168
-169
-170
-171
-172
-173
-174
-172
-170
-171
-172
-170
-171
-169
-170
-168
-169
-170
-168
-169
-167
-168
-169
-170
-168
-169
-170
-171
-172
-173
-171
-172
-170
-171
-169
-170
-171
-172
-170
-171
-172
-173
-174
-172
-170
-171
-172
-173
-171
-172
-173
-171
-172
-170
-171
-172
-170
-168
-169
-170
-171
-172
-170
-171
-172
-170
-171
-169
-170
-168
-169
-170
-168
-169
-170
-171
-169
-167
-168
-166
-164
-162
-160
-161
-162
-163
-164
-165
-166
-164
-162
-160
-161
-159
-160
-161
-162
-163
-164
-162
-163
-164
-165
-163
-161
-162
-163
-164
-162
-163
-164
-165
-166
-164
-165
-166
-164
-162
-163
-164
-165
-166
-167
-168
-169
-167
-165
-163
-164
-165
-163
-161
-159
-157
-155
-153
-151
-152
-153
-151
-152
-153
-154
-155
-156
-157
-158
-159
-160
-161
-162
-160
-161
-162
-163
-164
-165
-166
-167
-168
-166
-167
-168
-169
-170
-171
-172
-173
-174
-175
-173
-174
-175
-173
-174
-172
-173
-174
-172
-173
-174
-175
-176
-177
-178
-179
-180
-178
-179
-177
-178
-179
-177
-178
-176
-177
-178
-179
-180
-181
-182
-183
-181
-182
-180
-181
-182
-180
-181
-182
-180
-181
-182
-180
-181
-182
-183
-184
-185
-186
-187
-185
-186
-184
-182
-183
-184
-185
-186
-187
-188
-189
-190
-188
-189
-187
-188
-186
-187
-185
-186
-187
-188
-189
-187
-188
-189
-190
-188
-186
-184
-182
-183
-181
-182
-180
-181
-182
-183
-184
-185
-183
-181
-182
-183
-181
-179
-177
-175
-176
-177
-178
-176
-174
-172
-170
-171
-172
-170
-171
-172
-170
-171
-169
-170
-171
-172
-173
-174
-175
-176
-174
-175
-173
-174
-175
-176
-177
-178
-176
-174
-175
-176
-177
-175
-176
-177
-178
-176
-174
-175
-176
-177
-178
-179
-180
-178
-179
-180
-178
-179
-180
-181
-182
-183
-181
-182
-180
-181
-179
-180
-181
-179
-180
-181
-182
-183
-184
-185
-186
-187
-185
-183
-184
-185
-186
-187
-188
-189
-187
-185
-183
-181
-182
-183
-181
-182
-180
-181
-179
-180
-181
-182
-183
-184
-182
-183
-181
-179
-180
-181
-179
-180
-181
-182
-183
-184
-182
-183
-184
-185
-183
-184
-185
-186
-184
-185
-183
-181
-182
-183
-184
-182
-183
-181
-182
-183
-184
-185
-186
-187
-188
-189
-190
-191
-192
-193
-191
-192
-190
-188
-189
-190
-191
-192
-193
-194
-195
-196
-197
-195
-196
-197
-198
-196
-194
-192
-193
-191
-189
-190
-188
-189
-190
-191
-189
-190
-191
-189
-187
-185
-183
-184
-185
-186
-187
-185
-183
-184
-182
-180
-181
-179
-180
-181
-182
-183
-181
-182
-183
-184
-185
-186
-184
-185
-186
-187
-188
-189
-190
-191
-189
-187
-188
-189
-187
-188
-189
-190
-188
-189
-190
-191
-192
-190
-191
-192
-193
-191
-189
-190
-191
-192
-190
-191
-192
-193
-191
-189
-190
-191
-189
-187
-188
-189
-187
-185
-186
-187
-188
-189
-187
-188
-186
-184
-182
-183
-181
-179
-177
-178
-176
-177
-178
-179
-180
-181
-182
-183
-184
-185
-186
-187
-188
-186
-184
-185
-186
-184
-185
-186
-187
-188
-189
-190
-188
-186
-187
-188
-186
-187
-188
-186
-187
-185
-186
-184
-185
-186
-187
-188
-189
-190
-191
-189
-190
-191
-189
-190
-188
-189
-190
-191
-189
-190
-188
-189
-187
-188
-189
-190
-188
-189
-187
-188
-189
-190
-191
-192
-193
-194
-195
-196
-197
-198
-199
-200
-198
-199
-200
-201
-199
-200
-201
-199
-197
-198
-199
-197
-198
-199
-200
-201
-199
-200
-198
-199
-200
-201
-199
-197
-195
-196
-197
-195
-196
-197
-198
-199
-197
-198
-196
-194
-195
-196
-197
-195
-196
-194
-195
-196
-197
-198
-199
-200
-201
-202
-203
-204
-202
-200
-201
-199
-200
-201
-202
-203
-204
-205
-206
-207
-208
-206
-207
-208
-209
-210
-211
-209
-210
-211
-212
-213
-211
-209
-207
-208
-206
-207
-205
-203
-201
-202
-200
-198
-196
-197
-195
-193
-191
-192
-193
-194
-192
-193
-194
-195
-196
-194
-195
-193
-194
-195
-196
-194
-192
-193
-194
-195
-196
-197
-195
-193
-194
-192
-193
-191
-192
-193
-194
-195
-196
-197
-195
-196
-197
-198
-199
-200
-198
-199
-197
-195
-196
-197
-198
-199
-197
-198
-196
-197
-198
-199
-200
-198
-199
-197
-198
-199
-200
-201
-202
-203
-204
-205
-203
-204
-202
-203
-204
-205
-206
-204
-205
-206
-204
-202
-203
-204
-205
-206
-204
-205
-203
-204
-205
-206
-207
-208
-209
-207
-205
-203
-204
-205
-206
-207
-208
-209
-210
-208
-209
-210
-211
-212
-213
-214
-212
-213
-211
-212
-210
-211
-212
-213
-214
-215
-216
-214
-212
-210
-211
-209
-210
-208
-209
-207
-208
-209
-210
-208
-209
-207
-208
-209
-210
-208
-209
-207
-205
-206
-207
-208
-209
-207
-205
-203
-204
-205
-206
-207
-208
-209
-210
-211
-212
-210
-208
-209
-210
-208
-209
-207
-208
-209
-210
-211
-212
-213
-214
-212
-213
-211
-209
-207
-205
-206
-204
-202
-203
-204
-202
-203
-204
-205
-206
-204
-205
-206
-207
-208
-209
-210
-211
-209
-210
-211
-212
-210
-211
-212
-213
-214
-212
-213
-214
-212
-213
-211
-212
-213
-211
-212
-210
-208
-209
-210
-211
-209
-210
-208
-206
-204
-202
-203
-201
-202
-203
-201
-202
-200
-198
-199
-200
-201
-202
-203
-204
-205
-203
-204
-205
-206
-207
-208
-206
-204
-205
-206
-207
-205
-206
-207
-208
-209
-207
-208
-206
-207
-205
-203
-204
-205
-206
-207
-205
-203
-201
-202
-203
-201
-202
-203
-201
-199
-200
-201
-202
-203
-201
-199
-200
-198
-199
-200
-198
-196
-197
-195
-196
-197
-198
-196
-197
-198
-199
-197
-198
-196
-194
-192
-193
-194
-192
-190
-188
-189
-187
-185
-186
-184
-182
-180
-181
-182
-183
-184
-182
-183
-181
-182
-183
-184
-185
-186
-187
-185
-186
-187
-188
-189
-190
-191
-192
-193
-194
-192
-193
-191
-192
-193
-191
-189
-190
-191
-189
-190
-191
-192
-190
-191
-189
-187
-185
-186
-184
-185
-186
-187
-185
-186
-187
-188
-189
-190
-191
-189
-190
-191
-192
-190
-191
-192
-193
-191
-192
-190
-191
-192
-190
-191
-192
-190
-188
-186
-187
-188
-186
-187
-188
-189
-187
-188
-189
-187
-185
-186
-187
-185
-186
-187
-188
-189
-190
-188
-189
-190
-191
-192
-190
-191
-189
-187
-188
-186
-184
-182
-180
-178
-176
-177
-178
-176
-174
-175
-176
-177
-175
-173
-174
-172
-173
-174
-175
-173
-171
-172
-173
-171
-172
-170
-171
-172
-170
-171
-172
-170
-168
-169
-167
-168
-169
-170
-171
-172
-170
-171
-169
-167
-165
-163
-164
-165
-166
-167
-165
-163
-161
-159
-160
-161
-162
-163
-164
-162
-163
-164
-162
-163
-161
-159
-157
-158
-159
-160
-161
-159
-160
-161
-162
-163
-164
-162
-160
-161
-159
-157
-158
-159
-160
-158
-159
-160
-161
-162
-163
-164
-165
-163
-164
-165
-166
-167
-168
-169
-167
-165
-163
-161
-162
-163
-161
-159
-160
-158
-156
-157
-158
-156
-154
-152
-153
-151
-152
-153
-154
-152
-150
-151
-152
-153
-154
-152
-150
-151
-149
-147
-145
-146
-147
-148
-149
-150
-151
-152
-153
-154
-155
-153
-154
-155
-153
-151
-152
-153
-154
-152
-150
-151
-152
-153
-154
-152
-153
-154
-155
-153
-151
-152
-150
-148
-149
-147
-145
-143
-141
-139
-140
-141
-142
-143
-141
-142
-143
-144
-142
-143
-144
-142
-143
-144
-145
-146
-147
-145
-146
-147
-145
-146
-144
-145
-143
-144
-142
-143
-144
-142
-143
-144
-142
-143
-141
-142
-143
-144
-142
-143
-144
-145
-146
-147
-148
-146
-144
-145
-143
-144
-145
-146
-147
-145
-143
-144
-142
-143
-144
-142
-143
-144
-145
-146
-147
-145
-146
-147
-145
-143
-144
-142
-143
-144
-145
-146
-144
-142
-143
-141
-142
-143
-144
-145
-146
-147
-148
-149
-150
-148
-146
-144
-142
-143
-144
-145
-146
-147
-145
-146
-147
-145
-143
-144
-145
-143
-141
-142
-143
-141
-139
-140
-141
-142
-140
-138
-136
-137
-135
-136
-137
-138
-139
-137
-135
-133
-134
-132
-133
-131
-129
-130
-131
-129
-130
-128
-129
-130
-128
-129
-127
-125
-126
-127
-125
-126
-127
-128
-126
-124
-125
-126
-127
-128
-126
-124
-125
-126
-127
-125
-126
-127
-125
-126
-127
-128
-126
-127
-128
-129
-130
-131
-132
-130
-128
-129
-130
-128
-129
-130
-128
-126
-124
-125
-126
-127
-128
-129
-130
-128
-129
-130
-131
-132
-133
-134
-135
-136
-137
-135
-133
-131
-132
-133
-134
-132
-130
-128
-129
-130
-131
-129
-130
-131
-129
-130
-128
-126
-124
-125
-126
-127
-128
-129
-130
-128
-129
-127
-125
-126
-124
-122
-120
-118
-119
-120
-118
-119
-120
-118
-116
-117
-115
-116
-117
-118
-116
-117
-115
-116
-117
-118
-119
-120
-121
-119
-117
-118
-119
-120
-121
-122
-120
-121
-119
-117
-118
-119
-117
-118
-119
-120
-121
-122
-123
-124
-125
-126
-124
-125
-123
-121
-122
-123
-124
-125
-126
-127
-125
-126
-127
-125
-126
-127
-125
-126
-127
-128
-126
-127
-128
-129
-130
-128
-126
-124
-122
-123
-124
-125
-123
-121
-119
-120
-121
-122
-123
-124
-125
-123
-124
-125
-123
-121
-122
-123
-124
-125
-126
-127
-128
-129
-130
-131
-129
-127
-128
-126
-124
-125
-126
-127
-128
-126
-124
-125
-126
-127
-128
-129
-127
-128
-126
-124
-125
-123
-121
-122
-120
-118
-119
-120
-118
-119
-120
-118
-116
-117
-115
-113
-111
-112
-113
-111
-112
-113
-111
-112
-110
-111
-112
-113
-114
-115
-116
-117
-118
-119
-120
-121
-122
-123
-124
-125
-123
-124
-125
-123
-124
-122
-120
-121
-122
-123
-121
-122
-120
-121
-119
-120
-121
-122
-123
-124
-125
-123
-124
-125
-126
-127
-125
-126
-127
-125
-123
-124
-125
-126
-127
-128
-126
-127
-125
-126
-127
-128
-126
-124
-122
-123
-121
-122
-123
-124
-125
-123
-124
-125
-126
-127
-128
-129
-130
-131
-132
-133
-131
-132
-130
-131
-132
-130
-131
-132
-130
-131
-132
-133
-131
-132
-130
-131
-132
-133
-134
-135
-133
-134
-132
-130
-131
-132
-133
-134
-135
-136
-134
-135
-136
-137
-135
-133
-131
-132
-130
-131
-132
-130
-128
-126
-127
-125
-126
-127
-128
-126
-124
-125
-123
-124
-125
-126
-127
-128
-129
-130
-128
-129
-130
-131
-132
-133
-131
-129
-130
-131
-132
-133
-134
-132
-130
-131
-129
-127
-128
-126
-127
-128
-129
-130
-131
-132
-133
-134
-132
-133
-134
-135
-136
-137
-135
-133
-134
-132
-133
-134
-135
-133
-134
-132
-130
-131
-129
-127
-128
-129
-127
-128
-129
-130
-131
-132
-130
-131
-132
-133
-134
-135
-133
-131
-129
-130
-131
-129
-130
-131
-132
-133
-131
-132
-130
-131
-132
-130
-131
-129
-130
-131
-132
-130
-131
-129
-127
-128
-129
-130
-131
-132
-133
-134
-132
-133
-134
-132
-130
-128
-126
-127
-125
-123
-121
-122
-123
-124
-125
-126
-124
-125
-126
-127
-128
-129
-130
-131
-129
-130
-131
-132
-133
-134
-135
-133
-134
-135
-136
-137
-138
-139
-137
-138
-139
-140
-138
-139
-140
-141
-139
-137
-138
-136
-137
-135
-136
-134
-135
-136
-137
-138
-139
-140
-141
-139
-140
-141
-142
-143
-141
-139
-140
-141
-142
-143
-144
-145
-146
-144
-145
-143
-141
-142
-143
-141
-142
-143
-141
-142
-140
-141
-139
-137
-138
-136
-137
-138
-136
-134
-135
-136
-137
-138
-139
-140
-138
-139
-137
-138
-139
-140
-141
-142
-143
-144
-142
-143
-144
-142
-140
-141
-142
-140
-141
-142
-143
-144
-145
-146
-147
-148
-149
-150
-151
-152
-153
-154
-155
-153
-154
-155
-156
-154
-155
-153
-151
-152
-153
-154
-152
-153
-154
-155
-156
-154
-152
-153
-151
-152
-153
-154
-152
-153
-154
-155
-156
-154
-155
-156
-154
-155
-153
-151
-149
-147
-148
-149
-147
-148
-149
-147
-145
-143
-144
-145
-146
-144
-145
-143
-144
-142
-140
-141
-142
-143
-144
-142
-143
-141
-142
-143
-141
-139
-140
-141
-142
-140
-138
-139
-140
-141
-142
-143
-141
-139
-140
-141
-142
-143
-144
-145
-146
-144
-145
-146
-147
-148
-149
-150
-151
-152
-153
-154
-152
-150
-151
-152
-153
-154
-155
-156
-154
-155
-156
-157
-158
-156
-157
-158
-159
-157
-155
-153
-154
-155
-156
-154
-155
-153
-151
-149
-150
-148
-146
-147
-148
-149
-150
-151
-149
-150
-151
-149
-150
-151
-149
-150
-151
-152
-150
-151
-152
-153
-154
-155
-156
-157
-158
-159
-160
-158
-159
-157
-158
-159
-157
-158
-159
-157
-158
-159
-160
-158
-159
-157
-158
-159
-160
-161
-159
-160
-161
-159
-160
-161
-162
-163
-164
-165
-163
-164
-162
-160
-158
-156
-154
-152
-153
-154
-152
-153
-154
-155
-156
-154
-155
-153
-154
-152
-153
-154
-155
-156
-154
-155
-153
-154
-155
-156
-157
-158
-159
-160
-161
-159
-160
-161
-159
-160
-158
-159
-160
-161
-162
-160
-161
-162
-163
-164
-165
-166
-167
-168
-169
-167
-168
-169
-170
-171
-172
-173
-174
-175
-176
-177
-178
-176
-174
-175
-176
-174
-175
-173
-174
-175
-176
-177
-178
-179
-180
-181
-182
-180
-181
-182
-183
-181
-182
-180
-178
-176
-177
-178
-179
-177
-178
-179
-180
-181
-182
-183
-181
-182
-183
-181
-182
-180
-181
-179
-177
-178
-179
-177
-175
-173
-171
-169
-170
-171
-172
-170
-171
-172
-173
-174
-175
-176
-177
-178
-179
-180
-178
-176
-177
-178
-179
-180
-178
-176
-174
-175
-176
-177
-178
-179
-180
-178
-179
-180
-181
-179
-180
-181
-182
-183
-181
-182
-183
-184
-185
-186
-184
-182
-183
-184
-185
-186
-187
-185
-186
-184
-182
-180
-181
-182
-183
-184
-185
-186
-184
-185
-186
-187
-188
-186
-187
-185
-186
-184
-185
-186
-184
-182
-183
-184
-182
-183
-181
-182
-183
-181
-182
-180
-181
-179
-180
-178
-176
-177
-178
-176
-174
-175
-176
-177
-178
-176
-177
-175
-176
-177
-178
-179
-180
-178
-179
-180
-181
-179
-177
-175
-176
-177
-178
-176
-174
-175
-176
-174
-172
-173
-171
-172
-170
-168
-169
-167
-165
-163
-164
-165
-166
-164
-162
-163
-164
-165
-163
-161
-162
-163
-164
-165
-163
-161
-162
-163
-164
-165
-163
-164
-162
-160
-158
-159
-160
-161
-162
-163
-164
-162
-163
-164
-165
-166
-167
-168
-169
-170
-171
-169
-170
-171
-169
-167
-168
-169
-167
-168
-169
-167
-168
-166
-167
-168
-169
-167
-165
-166
-164
-162
-163
-164
-165
-166
-167
-165
-163
-164
-165
-166
-164
-162
-163
-164
-165
-166
-164
-162
-163
-164
-162
-160
-161
-162
-163
-161
-162
-163
-164
-165
-166
-167
-168
-169
-167
-168
-169
-167
-168
-169
-167
-165
-163
-164
-165
-166
-164
-162
-163
-164
-162
-160
-161
-162
-160
-158
-159
-157
-158
-156
-157
-158
-156
-154
-155
-156
-157
-158
-159
-160
-158
-159
-160
-158
-159
-157
-158
-159
-157
-158
-156
-154
-155
-153
-154
-152
-153
-154
-155
-156
-154
-152
-153
-151
-149
-150
-151
-149
-150
-151
-152
-153
-154
-152
-153
-154
-152
-150
-151
-149
-150
-148
-146
-147
-148
-149
-150
-151
-152
-150
-151
-149
-150
-151
-149
-150
-151
-152
-153
-154
-152
-153
-151
-152
-153
-154
-152
-153
-154
-155
-156
-157
-155
-156
-154
-155
-153
-151
-149
-150
-151
-152
-153
-154
-152
-153
-154
-155
-156
-157
-158
-159
-160
-161
-162
-163
-161
-162
-163
-161
-162
-163
-164
-165
-166
-167
-165
-166
-167
-165
-166
-167
-168
-166
-167
-168
-169
-167
-168
-169
-170
-168
-169
-167
-168
-166
-164
-165
-166
-164
-165
-163
-164
-162
-160
-161
-162
-160
-161
-159
-157
-158
-159
-160
-161
-162
-160
-158
-156
-157
-158
-156
-154
-155
-156
-157
-158
-159
-160
-158
-159
-160
-161
-159
-160
-161
-159
-160
-161
-162
-160
-161
-159
-160
-158
-159
-160
-161
-162
-163
-164
-165
-163
-164
-162
-160
-161
-159
-157
-158
-159
-157
-158
-159
-160
-161
-159
-160
-161
-162
-160
-161
-159
-160
-161
-162
-160
-158
-159
-160
-161
-162
-160
-161
-162
-163
-164
-162
-163
-161
-159
-157
-158
-159
-157
-158
-159
-157
-158
-159
-160
-161
-162
-163
-164
-165
-166
-164
-162
-163
-161
-162
-160
-161
-162
-160
-161
-162
-160
-161
-162
-163
-164
-165
-163
-164
-165
-163
-164
-162
-163
-164
-165
-166
-167
-168
-169
-167
-168
-169
-170
-171
-169
-170
-171
-172
-170
-171
-169
-170
-171
-169
-170
-171
-172
-170
-171
-172
-173
-174
-175
-176
-177
-178
-176
-174
-175
-176
-177
-178
-176
-177
-175
-173
-174
-175
-176
-177
-178
-179
-180
-178
-179
-180
-181
-182
-183
-184
-185
-186
-187
-185
-183
-181
-179
-177
-178
-179
-180
-181
-182
-183
-184
-182
-180
-181
-182
-180
-181
-182
-183
-181
-182
-183
-184
-185
-186
-187
-188
-189
-187
-188
-189
-190
-191
-189
-190
-188
-189
-187
-188
-189
-187
-185
-183
-184
-185
-186
-184
-185
-186
-184
-185
-186
-184
-185
-186
-187
-188
-189
-187
-188
-189
-190
-188
-186
-184
-185
-183
-184
-182
-183
-181
-182
-183
-184
-182
-183
-184
-185
-183
-184
-182
-183
-181
-179
-180
-178
-179
-180
-181
-182
-183
-184
-185
-186
-187
-188
-189
-190
-191
-192
-193
-191
-192
-193
-194
-192
-190
-191
-189
-190
-191
-192
-193
-194
-195
-196
-197
-198
-196
-197
-198
-199
-200
-198
-199
-200
-201
-202
-203
-204
-205
-203
-201
-202
-203
-204
-202
-200
-201
-202
-200
-201
-202
-203
-204
-205
-203
-204
-205
-203
-201
-199
-200
-201
-199
-200
-201
-199
-200
-201
-202
-200
-198
-199
-200
-201
-199
-200
-201
-202
-200
-201
-202
-203
-204
-205
-203
-204
-205
-206
-207
-208
-206
-207
-208
-209
-210
-211
-212
-210
-208
-206
-204
-202
-200
-201
-199
-200
-201
-202
-203
-204
-205
-203
-204
-205
-203
-204
-202
-203
-201
-202
-200
-198
-199
-200
-198
-199
-197
-195
-196
-197
-198
-199
-197
-198
-199
-200
-201
-202
-200
-201
-202
-203
-204
-205
-206
-207
-208
-209
-207
-208
-209
-207
-205
-206
-207
-208
-206
-207
-205
-203
-204
-205
-206
-204
-202
-203
-201
-202
-200
-201
-199
-197
-198
-199
-197
-198
-199
-200
-201
-202
-203
-204
-205
-206
-204
-205
-206
-207
-208
-209
-210
-208
-206
-207
-208
-209
-210
-211
-209
-210
-211
-209
-210
-211
-209
-210
-208
-209
-210
-211
-212
-210
-208
-206
-207
-205
-206
-207
-205
-203
-204
-205
-203
-204
-202
-203
-201
-202
-203
-201
-202
-200
-201
-199
-197
-195
-196
-194
-195
-196
-197
-195
-196
-197
-195
-196
-197
-198
-196
-197
-198
-196
-197
-198
-199
-200
-201
-199
-200
-198
-199
-200
-201
-202
-203
-201
-202
-203
-201
-202
-200
-198
-199
-200
-201
-202
-203
-204
-202
-203
-201
-202
-203
-204
-205
-203
-201
-202
-200
-201
-202
-203
-204
-205
-206
-204
-205
-206
-207
-208
-206
-207
-205
-206
-207
-208
-209
-207
-205
-206
-207
-208
-209
-210
-211
-212
-213
-214
-212
-213
-211
-212
-210
-211
-212
-213
-211
-212
-213
-214
-215
-213
-211
-212
-213
-211
-209
-210
-211
-212
-210
-211
-212
-213
-214
-215
-213
-214
-212
-213
-214
-215
-213
-214
-215
-216
-214
-212
-210
-208
-209
-210
-208
-209
-207
-205
-203
-204
-205
-206
-207
-208
-209
-207
-208
-206
-207
-208
-209
-210
-211
-212
-213
-214
-215
-213
-214
-215
-216
-217
-218
-219
-220
-221
-222
-223
-224
-222
-223
-221
-219
-220
-221
-222
-223
-221
-222
-223
-224
-225
-226
-227
-228
-229
-230
-231
-232
-230
-231
-232
-230
-228
-229
-230
-231
-232
-233
-234
-235
-236
-234
-235
-233
-234
-232
-233
-231
-232
-233
-234
-232
-233
-234
-235
-236
-234
-235
-236
-237
-238
-236
-237
-238
-239
-240
-241
-242
-240
-241
-242
-243
-244
-242
-243
-244
-245
-246
-244
-245
-246
-247
-245
-246
-247
-248
-246
-244
-245
-243
-241
-242
-243
-244
-245
-246
-247
-248
-249
-250
-248
-246
-247
-248
-249
-250
-251
-252
-250
-251
-252
-253
-251
-252
-250
-248
-249
-250
-251
-249
-250
-248
-249
-250
-248
-249
-247
-248
-249
-247
-245
-246
-247
-245
-243
-244
-245
-246
-247
-248
-249
-250
-248
-249
-250
-251
-252
-253
-254
-252
-253
-254
-252
-253
-254
-252
-253
-254
-255
-256
-254
-255
-256
-257
-258
-256
-257
-255
-256
-257
-258
-259
-257
-258
-256
-257
-255
-253
-254
-255
-256
-254
-255
-256
-257
-258
-256
-257
-258
-256
-257
-258
-259
-260
-261
-262
-263
-264
-265
-263
-264
-262
-263
-261
-262
-260
-261
-262
-263
-264
-265
-266
-267
-265
-266
-267
-265
-266
-264
-265
-263
-264
-265
-266
-267
-268
-269
-267
-268
-269
-267
-268
-269
-270
-271
-269
-267
-268
-269
-270
-271
-272
-273
-274
-272
-270
-271
-272
-273
-274
-272
-273
-274
-275
-273
-274
-275
-276
-274
-275
-276
-277
-278
-279
-280
-281
-279
-280
-281
-279
-280
-281
-279
-280
-281
-282
-283
-284
-282
-283
-284
-285
-286
-287
-285
-286
-284
-285
-283
-284
-282
-280
-281
-282
-280
-281
-279
-277
-278
-279
-280
-281
-282
-280
-281
-279
-280
-281
-282
-283
-281
-282
-283
-281
-279
-277
-278
-279
-280
-281
-282
-280
-278
-279
-277
-278
-279
-277
-275
-276
-274
-275
-276
-277
-278
-279
-277
-278
-279
-280
-281
-282
-280
-281
-282
-280
-278
-279
-280
-278
-279
-280
-278
-279
-280
-278
-279
-277
-275
-276
-274
-272
-270
-271
-272
-270
-271
-269
-270
-268
-269
-270
-271
-269
-270
-268
-269
-270
-268
-269
-270
-271
-272
-273
-274
-272
-270
-268
-269
-270
-268
-266
-267
-265
-266
-264
-265
-266
-264
-265
-266
-264
-265
-266
-267
-268
-269
-270
-271
-272
-273
-274
-275
-273
-271
-269
-267
-268
-269
-270
-271
-269
-270
-271
-269
-270
-271
-272
-273
-274
-275
-276
-277
-278
-276
-274
-272
-273
-274
-272
-273
-274
-275
-273
-274
-275
-276
-277
-278
-279
-280
-278
-279
-280
-281
-282
-283
-284
-285
-286
-287
-288
-286
-287
-288
-289
-290
-288
-289
-287
-285
-286
-284
-285
-286
-284
-282
-283
-284
-285
-283
-281
-282
-283
-281
-282
-280
-278
-279
-280
-278
-276
-277
-278
-276
-277
-275
-276
-277
-275
-273
-274
-275
-276
-274
-275
-273
-274
-275
-273
-274
-275
-273
-271
-269
-270
-271
-272
-273
-271
-272
-273
-274
-275
-276
-277
-278
-279
-277
-275
-273
-274
-275
-276
-277
-275
-273
-274
-275
-276
-277
-278
-276
-274
-275
-276
-274
-275
-276
-277
-278
-279
-277
-278
-279
-280
-281
-282
-283
-281
-279
-280
-281
-282
-283
-284
-285
-286
-284
-282
-283
-284
-285
-286
-287
-288
-289
-290
-291
-292
-293
-291
-292
-290
-288
-289
-290
-291
-289
-290
-291
-292
-290
-291
-292
-293
-294
-292
-290
-288
-289
-287
-285
-286
-287
-288
-289
-290
-288
-286
-287
-288
-289
-287
-285
-286
-287
-285
-286
-287
-288
-289
-290
-291
-292
-290
-288
-289
-287
-288
-286
-284
-285
-283
-284
-282
-280
-281
-282
-283
-284
-282
-280
-281
-282
-283
-281
-282
-280
-281
-282
-283
-284
-285
-286
-287
-285
-286
-287
-285
-286
-287
-285
-286
-287
-285
-286
-284
-282
-283
-281
-279
-280
-281
-279
-277
-278
-279
-280
-281
-279
-280
-281
-279
-280
-278
-279
-277
-275
-276
-277
-275
-273
-274
-272
-273
-274
-272
-273
-271
-272
-273
-274
-275
-276
-274
-272
-273
-274
-275
-273
-274
-272
-270
-271
-272
-273
-274
-275
-276
-277
-278
-279
-277
-278
-279
-280
-281
-282
-283
-281
-279
-280
-281
-282
-283
-284
-285
-286
-287
-285
-283
-284
-285
-286
-287
-288
-289
-290
-288
-289
-290
-288
-289
-290
-291
-292
-290
-291
-292
-290
-291
-292
-293
-294
-292
-290
-291
-289
-290
-291
-289
-287
-285
-286
-284
-282
-283
-281
-279
-280
-281
-282
-283
-284
-285
-286
-284
-282
-280
-281
-279
-280
-278
-276
-277
-275
-273
-271
-272
-270
-271
-269
-270
-271
-272
-273
-274
-275
-276
-277
-278
-279
-277
-275
-276
-277
-278
-279
-280
-281
-282
-283
-284
-282
-283
-281
-282
-280
-278
-279
-280
-281
-282
-280
-278
-279
-280
-278
-279
-280
-281
-282
-280
-281
-279
-280
-281
-279
-280
-281
-282
-280
-281
-282
-283
-281
-279
-280
-281
-279
-280
-278
-279
-280
-281
-282
-283
-284
-282
-283
-284
-282
-280
-281
-282
-280
-281
-282
-283
-284
-285
-286
-287
-288
-286
-287
-288
-286
-284
-285
-283
-284
-285
-283
-281
-279
-277
-275
-276
-277
-278
-279
-277
-275
-273
-274
-275
-276
-277
-278
-279
-280
-281
-279
-280
-281
-282
-283
-284
-285
-286
-287
-288
-289
-290
-291
-289
-287
-285
-286
-287
-285
-286
-287
-285
-286
-287
-288
-286
-287
-288
-289
-287
-288
-286
-284
-285
-286
-287
-288
-289
-290
-291
-292
-290
-291
-292
-293
-294
-295
-296
-294
-292
-293
-294
-295
-296
-297
-298
-299
-300
-298
-296
-297
-298
-299
-300
-301
-299
-300
-298
-299
-300
-298
-296
-294
-295
-293
-291
-292
-293
-291
-292
-290
-291
-289
-290
-291
-292
-293
-291
-292
-293
-294
-292
-293
-291
-289
-290
-291
-292
-293
-294
-295
-296
-297
-298
-296
-297
-298
-299
-300
-298
-299
-300
-298
-296
-297
-298
-299
-300
-301
-299
-300
-301
-299
-300
-301
-299
-297
-298
-299
-300
-301
-299
-300
-301
-302
-303
-304
-302
-303
-304
-305
-306
-307
-308
-306
-304
-302
-303
-301
-299
-300
-298
-299
-297
-295
-296
-294
-295
-293
-294
-292
-290
-291
-289
-290
-288
-289
-290
-291
-292
-293
-294
-295
-296
-297
-298
-296
-297
-298
-299
-300
-298
-299
-300
-298
-299
-300
-298
-299
-300
-301
-302
-303
-301
-302
-300
-298
-299
-300
-301
-299
-300
-301
-302
-303
-304
-302
-303
-304
-302
-300
-301
-302
-300
-301
-302
-300
-301
-302
-303
-304
-305
-306
-307
-305
-306
-307
-308
-309
-310
-311
-312
-313
-314
-315
-316
-314
-312
-310
-311
-309
-307
-308
-309
-310
-311
-309
-310
-311
-312
-313
-311
-309
-307
-308
-306
-307
-305
-306
-307
-305
-303
-304
-305
-303
-304
-305
-306
-304
-305
-306
-304
-305
-306
-307
-308
-309
-307
-308
-309
-307
-308
-309
-307
-305
-306
-304
-302
-303
-304
-305
-306
-304
-305
-303
-301
-302
-303
-304
-302
-300
-301
-302
-300
-301
-302
-300
-298
-299
-300
-301
-302
-303
-301
-299
-300
-301
-302
-303
-304
-305
-303
-304
-302
-303
-304
-305
-306
-307
-308
-306
-304
-305
-306
-307
-308
-309
-307
-305
-306
-307
-308
-306
-304
-305
-306
-307
-308
-306
-307
-308
-309
-310
-308
-309
-310
-308
-309
-310
-311
-312
-313
-314
-312
-310
-311
-312
-313
-314
-312
-313
-314
-312
-313
-311
-309
-310
-311
-312
-310
-311
-309
-310
-308
-309
-310
-311
-312
-310
-308
-309
-310
-311
-312
-310
-311
-312
-313
-311
-312
-310
-311
-312
-313
-311
-312
-310
-308
-309
-310
-311
-312
-313
-314
-315
-316
-317
-318
-316
-317
-315
-313
-314
-312
-313
-314
-315
-316
-317
-315
-316
-314
-315
-316
-317
-318
-316
-314
-315
-316
-317
-315
-316
-317
-318
-319
-320
-318
-319
-320
-321
-319
-320
-321
-319
-317
-315
-316
-317
-318
-316
-317
-318
-319
-320
-321
-322
-323
-321
-322
-323
-324
-322
-323
-321
-319
-320
-318
-319
-317
-318
-319
-320
-318
-316
-317
-315
-316
-314
-315
-316
-317
-318
-319
-320
-321
-319
-320
-321
-319
-320
-321
-322
-323
-324
-325
-323
-324
-322
-320
-321
-322
-323
-324
-325
-326
-324
-325
-326
-327
-328
-326
-327
-328
-329
-327
-328
-329
-330
-328
-329
-330
-331
-332
-333
-334
-335
-336
-334
-332
-333
-334
-335
-333
-334
-332
-333
-331
-329
-327
-325
-326
-327
-325
-326
-327
-325
-323
-324
-325
-326
-324
-322
-320
-318
-316
-317
-315
-313
-314
-312
-313
-314
-315
-316
-314
-315
-313
-311
-312
-310
-311
-312
-313
-314
-312
-313
-314
-315
-316
-317
-315
-316
-314
-315
-316
-317
-315
-316
-314
-312
-313
-314
-315
-316
-314
-315
-313
-311
-312
-313
-314
-312
-310
-311
-312
-313
-311
-312
-313
-314
-312
-313
-314
-315
-313
-311
-312
-313
-311
-309
-310
-311
-309
-310
-308
-309
-310
-308
-306
-307
-308
-309
-310
-311
-309
-310
-308
-306
-304
-305
-306
-307
-308
-309
-310
-311
-312
-313
-314
-315
-316
-317
-315
-316
-314
-315
-313
-314
-312
-313
-311
-312
-313
-314
-315
-316
-317
-318
-316
-317
-318
-316
-317
-315
-316
-317
-318
-316
-317
-318
-319
-320
-321
-322
-320
-321
-322
-323
-324
-325
-323
-324
-325
-326
-324
-325
-326
-324
-325
-326
-324
-325
-326
-324
-325
-326
-327
-328
-326
-324
-325
-326
-327
-328
-329
-330
-328
-329
-330
-331
-329
-327
-328
-329
-327
-328
-329
-327
-325
-326
-327
-325
-326
-327
-328
-326
-327
-328
-329
-330
-331
-329
-330
-331
-329
-327
-325
-326
-327
-328
-329
-330
-331
-332
-333
-334
-335
-333
-334
-335
-336
-334
-335
-333
-331
-332
-333
-331
-332
-330
-331
-332
-333
-334
-332
-333
-331
-332
-333
-331
-332
-330
-331
-329
-330
-328
-329
-330
-331
-332
-333
-334
-332
-333
-334
-332
-333
-331
-329
-327
-328
-329
-330
-331
-332
-333
-334
-335
-333
-334
-335
-336
-334
-335
-336
-337
-338
-339
-340
-338
-336
-337
-335
-336
-334
-332
-333
-334
-335
-336
-337
-335
-333
-331
-332
-333
-334
-335
-336
-337
-338
-339
-337
-335
-336
-337
-338
-339
-337
-335
-333
-334
-335
-333
-334
-335
-336
-334
-335
-336
-337
-335
-336
-337
-338
-339
-340
-341
-339
-337
-338
-339
-340
-341
-342
-343
-341
-342
-343
-344
-342
-340
-341
-342
-343
-344
-345
-346
-347
-345
-346
-344
-342
-343
-344
-345
-343
-344
-342
-340
-341
-339
-340
-341
-339
-340
-338
-336
-334
-335
-336
-337
-338
-339
-340
-341
-342
-343
-341
-342
-343
-341
-342
-340
-341
-342
-343
-344
-345
-346
-347
-348
-346
-344
-345
-346
-344
-345
-346
-347
-348
-346
-347
-348
-346
-347
-348
-349
-350
-351
-352
-353
-354
-355
-353
-354
-355
-356
-354
-355
-353
-354
-355
-353
-351
-352
-353
-354
-355
-353
-351
-352
-353
-354
-355
-353
-354
-352
-350
-348
-346
-347
-348
-349
-350
-348
-349
-350
-351
-349
-350
-351
-349
-347
-348
-349
-350
-348
-349
-350
-351
-352
-353
-354
-352
-353
-351
-352
-353
-354
-355
-356
-357
-358
-359
-360
-361
-362
-363
-361
-359
-360
-358
-359
-357
-358
-356
-354
-352
-353
-354
-352
-353
-351
-352
-353
-354
-355
-356
-357
-358
-359
-360
-361
-359
-360
-361
-359
-357
-358
-356
-354
-355
-353
-354
-352
-350
-348
-349
-350
-351
-352
-350
-351
-352
-350
-351
-352
-350
-348
-349
-347
-345
-346
-347
-348
-349
-350
-348
-346
-344
-342
-343
-341
-342
-340
-341
-339
-340
-338
-336
-337
-338
-339
-337
-335
-336
-337
-338
-339
-340
-341
-339
-340
-338
-339
-340
-338
-339
-340
-341
-342
-343
-344
-345
-346
-347
-348
-349
-350
-351
-349
-347
-348
-349
-350
-348
-346
-347
-348
-349
-350
-348
-349
-350
-351
-349
-347
-348
-346
-347
-348
-349
-350
-348
-346
-344
-345
-346
-344
-345
-343
-344
-345
-346
-347
-345
-346
-347
-348
-346
-347
-348
-349
-350
-351
-352
-353
-351
-349
-347
-348
-349
-350
-348
-349
-350
-351
-349
-350
-351
-352
-353
-351
-352
-353
-351
-352
-350
-351
-352
-353
-354
-352
-353
-351
-352
-350
-351
-349
-350
-351
-349
-350
-351
-352
-350
-351
-352
-353
-351
-349
-350
-351
-352
-353
-351
-352
-353
-351
-349
-350
-351
-352
-350
-351
-352
-353
-354
-355
-356
-354
-355
-356
-354
-355
-356
-357
-358
-356
-357
-358
-359
-360
-358
-359
-360
-361
-362
-363
-364
-365
-366
-364
-362
-363
-361
-362
-363
-364
-362
-360
-358
-359
-357
-358
-359
-360
-361
-362
-363
-364
-362
-360
-361
-362
-363
-361
-362
-363
-361
-362
-363
-364
-365
-366
-367
-368
-369
-370
-371
-372
-370
-371
-372
-370
-368
-369
-370
-368
-369
-370
-371
-372
-370
-371
-372
-373
-374
-372
-373
-374
-372
-373
-374
-375
-376
-377
-378
-379
-380
-378
-379
-380
-381
-382
-383
-384
-382
-383
-384
-385
-386
-387
-385
-383
-384
-385
-386
-387
-388
-389
-390
-391
-389
-387
-388
-386
-387
-388
-386
-387
-385
-386
-384
-385
-383
-381
-379
-377
-375
-376
-374
-375
-376
-374
-372
-370
-371
-369
-367
-368
-369
-367
-365
-366
-367
-365
-366
-364
-362
-360
-361
-362
-363
-364
-362
-363
-364
-365
-366
-364
-365
-366
-367
-365
-363
-364
-362
-363
-361
-359
-360
-361
-362
-363
-364
-365
-366
-364
-365
-366
-367
-368
-369
-370
-368
-369
-370
-371
-372
-370
-371
-372
-373
-374
-372
-373
-374
-372
-370
-368
-369
-370
-371
-369
-370
-371
-369
-370
-371
-372
-370
-368
-369
-370
-368
-366
-367
-365
-366
-367
-368
-369
-367
-365
-363
-364
-362
-363
-364
-365
-366
-367
-368
-366
-367
-365
-366
-364
-365
-363
-361
-362
-360
-358
-359
-357
-355
-353
-351
-352
-350
-351
-349
-350
-351
-352
-353
-354
-355
-356
-357
-358
-359
-360
-361
-359
-357
-358
-359
-360
-361
-362
-363
-361
-359
-360
-361
-359
-360
-358
-359
-360
-361
-362
-363
-361
-362
-363
-364
-365
-366
-367
-368
-366
-364
-362
-363
-364
-365
-363
-364
-362
-360
-358
-359
-357
-358
-359
-357
-358
-359
-360
-361
-362
-363
-364
-365
-366
-367
-368
-366
-367
-368
-369
-370
-368
-369
-367
-368
-366
-367
-368
-366
-367
-368
-366
-364
-365
-363
-364
-365
-366
-367
-368
-366
-367
-368
-369
-370
-371
-372
-370
-368
-369
-367
-368
-369
-367
-365
-366
-367
-365
-366
-364
-365
-363
-361
-362
-360
-361
-359
-360
-361
-362
-363
-361
-362
-363
-364
-365
-366
-367
-365
-363
-364
-365
-366
-367
-365
-366
-367
-368
-369
-370
-368
-366
-364
-365
-366
-367
-368
-366
-364
-365
-363
-364
-362
-360
-358
-356
-357
-355
-353
-354
-355
-356
-357
-358
-359
-360
-361
-362
-363
-361
-362
-363
-364
-365
-363
-364
-362
-360
-358
-356
-357
-358
-356
-357
-355
-356
-354
-355
-353
-354
-352
-350
-351
-349
-350
-348
-349
-347
-348
-346
-344
-345
-346
-347
-348
-346
-347
-345
-346
-347
-348
-349
-350
-351
-352
-353
-354
-355
-353
-351
-352
-350
-348
-349
-350
-351
-352
-353
-351
-349
-350
-348
-349
-350
-351
-352
-353
-354
-355
-353
-351
-352
-353
-354
-355
-356
-354
-355
-353
-351
-352
-353
-351
-352
-353
-351
-352
-350
-351
-352
-353
-351
-352
-350
-351
-352
-353
-354
-355
-353
-354
-355
-353
-354
-352
-353
-354
-355
-356
-357
-358
-359
-360
-361
-362
-363
-364
-365
-366
-364
-365
-363
-364
-365
-366
-367
-368
-369
-370
-371
-372
-373
-371
-372
-373
-374
-372
-373
-374
-372
-373
-374
-372
-373
-371
-369
-367
-368
-366
-367
-368
-369
-370
-371
-369
-367
-368
-366
-364
-365
-363
-364
-362
-363
-361
-362
-360
-358
-356
-357
-358
-359
-360
-361
-359
-360
-361
-362
-363
-364
-365
-363
-364
-365
-366
-367
-368
-369
-370
-368
-369
-370
-368
-369
-370
-371
-372
-370
-371
-372
-373
-371
-369
-367
-365
-363
-361
-362
-360
-361
-359
-360
-358
-359
-360
-361
-362
-363
-361
-359
-360
-361
-359
-360
-358
-356
-357
-358
-359
-360
-361
-362
-360
-358
-356
-357
-358
-356
-357
-355
-356
-354
-355
-356
-357
-358
-359
-357
-355
-356
-354
-355
-353
-351
-352
-350
-351
-352
-353
-354
-352
-353
-354
-355
-356
-357
-358
-359
-360
-361
-362
-360
-361
-362
-363
-364
-365
-366
-367
-368
-369
-370
-368
-366
-367
-368
-369
-370
-371
-372
-373
-371
-372
-373
-374
-372
-370
-368
-369
-370
-371
-372
-373
-374
-372
-373
-371
-372
-373
-371
-372
-373
-374
-372
-373
-374
-372
-373
-374
-372
-370
-371
-372
-373
-371
-369
-370
-368
-366
-364
-365
-366
-367
-368
-369
-367
-368
-369
-370
-371
-372
-370
-371
-369
-370
-371
-372
-373
-374
-375
-376
-377
-375
-376
-377
-378
-379
-380
-381
-379
-380
-381
-382
-383
-381
-382
-380
-378
-379
-380
-378
-376
-377
-375
-376
-377
-378
-379
-377
-378
-379
-377
-378
-379
-380
-378
-379
-380
-381
-382
-383
-381
-379
-380
-381
-382
-380
-381
-382
-383
-384
-385
-386
-387
-385
-386
-387
-388
-389
-387
-385
-386
-384
-385
-383
-381
-379
-377
-375
-376
-377
-378
-379
-380
-381
-382
-383
-384
-382
-383
-384
-382
-383
-384
-382
-383
-384
-385
-386
-387
-388
-386
-387
-388
-386
-387
-388
-389
-390
-388
-386
-384
-382
-380
-381
-382
-380
-378
-379
-380
-381
-382
-383
-384
-382
-380
-381
-379
-380
-381
-379
-380
-381
-382
-380
-381
-382
-383
-381
-379
-380
-378
-379
-380
-381
-379
-380
-381
-382
-383
-381
-382
-383
-384
-385
-386
-387
-388
-389
-387
-388
