0	0
0	-1
100	-15
200	-23
300	-27
400	-37
500	-29
600	-27
700	-25
800	-33
900	-25
1000	-37
1100	-51
1200	-63
1300	-61
1400	-61
1500	-59
1600	-83
1700	-97
1800	-115
1900	-103
2000	-109
2100	-115
2200	-103
2300	-113
2400	-115
2500	-117
2600	-111
2700	-117
2800	-125
2900	-125
3000	-121
3100	-133
3200	-143
3300	-167
3400	-163
3500	-155
3600	-161
3700	-163
3800	-161
3900	-159
4000	-171
4100	-173
4200	-205
4300	-219
4400	-219
4500	-221
4600	-239
4700	-251
4800	-249
4900	-253
5000	-253
5100	-251
5200	-265
5300	-259
5400	-269
5500	-263
5600	-245
5700	-267
5800	-261
5900	-265
6000	-265
6100	-267
6200	-261
6300	-261
6400	-259
6500	-247
6600	-263
6700	-265
6800	-267
6900	-267
7000	-295
7100	-313
7200	-337
7300	-329
7400	-343
7500	-387
7600	-381
7700	-389
7800	-401
7900	-403
8000	-387
8100	-371
8200	-371
8300	-373
8400	-379
8500	-375
8600	-367
8700	-347
8800	-353
8900	-363
9000	-363
9100	-361
9200	-375
9300	-379
9400	-391
9500	-391
9600	-407
9700	-427
9800	-421
9900	-433
10000	-435
10100	-431
10200	-443
10300	-447
10400	-439
10500	-443
10600	-447
10700	-453
10800	-451
10900	-451
11000	-463
11100	-485
11200	-487
11300	-481
11400	-471
11500	-479
11600	-479
11700	-485
11800	-463
11900	-477
12000	-477
12100	-489
12200	-517
12300	-511
12400	-501
12500	-493
12600	-499
12700	-503
12800	-511
12900	-501
13000	-499
13100	-497
13200	-505
13300	-505
13400	-499
13500	-491
13600	-493
13700	-503
13800	-509
13900	-505
14000	-505
14100	-501
14200	-485
14300	-489
14400	-499
14500	-503
14600	-509
14700	-509
14800	-513
14900	-521
15000	-515
15100	-529
15200	-527
15300	-525
15400	-519
15500	-535
15600	-533
15700	-539
15800	-551
15900	-543
16000	-565
16100	-575
16200	-567
16300	-559
16400	-581
16500	-577
16600	-567
16700	-567
16800	-577
16900	-579
17000	-559
17100	-573
17200	-575
17300	-573
17400	-573
17500	-591
17600	-579
17700	-577
17800	-585
17900	-581
18000	-587
18100	-597
18200	-599
18300	-609
18400	-623
18500	-637
18600	-633
18700	-617
18800	-617
18900	-617
19000	-629
19100	-625
19200	-611
19300	-617
19400	-611
19500	-629
19600	-631
19700	-649
19800	-637
19900	-647
20000	-627
20100	-627
20200	-623
20300	-617
20400	-613
20500	-633
20600	-633
20700	-607
20800	-621
20900	-623
21000	-629
21100	-635
21200	-639
21300	-641
21400	-645
21500	-633
21600	-635
21700	-617
21800	-623
21900	-611
22000	-609
22100	-617
22200	-621
22300	-627
22400	-633
22500	-649
22600	-655
22700	-675
22800	-663
22900	-665
23000	-677
23100	-677
23200	-661
23300	-653
23400	-659
23500	-659
23600	-651
23700	-635
23800	-629
23900	-623
24000	-625
24100	-629
24200	-627
24300	-629
24400	-619
24500	-637
24600	-627
24700	-605
24800	-605
24900	-605
25000	-591
25100	-597
25200	-605
25300	-609
25400	-609
25500	-593
25600	-577
25700	-587
25800	-605
25900	-627
26000	-631
26100	-639
26200	-653
26300	-663
26400	-659
26500	-661
26600	-671
26700	-671
26800	-677
26900	-693
27000	-679
27100	-673
27200	-683
27300	-671
27400	-677
27500	-689
27600	-703
27700	-707
27800	-719
27900	-715
28000	-721
28100	-721
28200	-719
28300	-727
28400	-729
28500	-753
28600	-767
28700	-775
28800	-781
28900	-791
29000	-799
29100	-785
29200	-807
29300	-795
29400	-793
29500	-775
29600	-787
29700	-787
29800	-795
29900	-809
30000	-803
30100	-819
30200	-817
30300	-811
30400	-819
30500	-829
30600	-823
30700	-825
30800	-809
30900	-809
31000	-823
31100	-837
31200	-843
31300	-839
31400	-851
31500	-861
31600	-865
31700	-855
31800	-849
31900	-851
32000	-837
32100	-833
32200	-829
32300	-837
32400	-851
32500	-865
32600	-865
32700	-869
32800	-875
32900	-875
33000	-889
33100	-879
33200	-873
33300	-875
33400	-883
33500	-891
33600	-881
33700	-877
33800	-877
33900	-881
34000	-891
34100	-889
34200	-891
34300	-919
34400	-923
34500	-927
34600	-921
34700	-917
34800	-893
34900	-909
35000	-921
35100	-909
35200	-907
35300	-931
35400	-933
35500	-925
35600	-921
35700	-909
35800	-913
35900	-911
36000	-895
36100	-895
36200	-893
36300	-895
36400	-911
36500	-903
36600	-899
36700	-899
36800	-915
36900	-933
37000	-947
37100	-951
37200	-983
37300	-975
37400	-985
37500	-1001
37600	-1001
37700	-1001
37800	-1013
37900	-1017
38000	-1009
38100	-1001
38200	-997
38300	-993
38400	-973
38500	-977
38600	-987
38700	-997
38800	-979
38900	-975
39000	-989
39100	-995
39200	-1001
39300	-989
39400	-987
39500	-995
39600	-985
39700	-989
39800	-991
39900	-989
40000	-983
40100	-975
40200	-979
40300	-989
40400	-987
40500	-977
40600	-985
40700	-973
40800	-975
40900	-967
41000	-991
41100	-1003
41200	-991
41300	-993
41400	-997
41500	-1003
41600	-999
41700	-995
41800	-999
41900	-1005
42000	-1017
42100	-1027
42200	-1017
42300	-1009
42400	-1003
42500	-981
42600	-973
42700	-983
42800	-983
42900	-979
43000	-963
43100	-967
43200	-967
43300	-959
43400	-967
43500	-963
43600	-973
43700	-965
43800	-971
43900	-973
44000	-977
44100	-995
44200	-1003
44300	-1009
44400	-1023
44500	-1033
44600	-1045
44700	-1041
44800	-1045
44900	-1067
45000	-1067
45100	-1069
45200	-1079
45300	-1099
45400	-1079
45500	-1069
45600	-1077
45700	-1069
45800	-1073
45900	-1079
46000	-1069
46100	-1077
46200	-1075
46300	-1081
46400	-1093
46500	-1087
46600	-1107
46700	-1097
46800	-1115
46900	-1125
47000	-1127
47100	-1129
47200	-1127
47300	-1117
47400	-1117
47500	-1117
47600	-1127
47700	-1133
47800	-1143
47900	-1155
48000	-1173
48100	-1177
48200	-1193
48300	-1195
48400	-1199
48500	-1199
48600	-1195
48700	-1189
48800	-1185
48900	-1179
49000	-1195
49100	-1211
49200	-1211
49300	-1229
49400	-1247
49500	-1249
49600	-1277
49700	-1289
49800	-1283
49900	-1295
50000	-1305
50100	-1311
50200	-1331
50300	-1317
50400	-1313
50500	-1313
50600	-1315
50700	-1329
50800	-1341
50900	-1353
51000	-1363
51100	-1353
51200	-1363
51300	-1373
51400	-1373
51500	-1371
51600	-1377
51700	-1369
51800	-1361
51900	-1347
52000	-1343
52100	-1353
52200	-1355
52300	-1349
52400	-1355
52500	-1361
52600	-1357
52700	-1345
52800	-1357
52900	-1351
53000	-1353
53100	-1363
53200	-1369
53300	-1361
53400	-1363
53500	-1375
53600	-1369
53700	-1393
53800	-1393
53900	-1409
54000	-1407
54100	-1411
54200	-1411
54300	-1403
54400	-1417
54500	-1417
54600	-1409
54700	-1395
54800	-1403
54900	-1419
55000	-1425
55100	-1437
55200	-1457
55300	-1459
55400	-1459
55500	-1473
55600	-1477
55700	-1481
55800	-1485
55900	-1483
56000	-1483
56100	-1485
56200	-1487
56300	-1467
56400	-1465
56500	-1471
56600	-1481
56700	-1487
56800	-1477
56900	-1467
57000	-1453
57100	-1451
57200	-1447
57300	-1455
57400	-1455
57500	-1455
57600	-1455
57700	-1463
57800	-1473
57900	-1457
58000	-1477
58100	-1479
58200	-1475
58300	-1477
58400	-1473
58500	-1467
58600	-1465
58700	-1465
58800	-1461
58900	-1471
59000	-1483
59100	-1495
59200	-1489
59300	-1489
59400	-1477
59500	-1485
59600	-1493
59700	-1491
59800	-1491
59900	-1487
60000	-1487
60100	-1487
60200	-1483
60300	-1485
60400	-1501
60500	-1477
60600	-1469
60700	-1475
60800	-1475
60900	-1491
61000	-1495
61100	-1485
61200	-1495
61300	-1477
61400	-1481
61500	-1479
61600	-1483
61700	-1489
61800	-1491
61900	-1485
62000	-1489
62100	-1481
62200	-1483
62300	-1487
62400	-1505
62500	-1505
62600	-1503
62700	-1507
62800	-1503
62900	-1507
63000	-1505
63100	-1501
63200	-1495
63300	-1489
63400	-1505
63500	-1513
63600	-1531
63700	-1551
63800	-1535
63900	-1525
64000	-1513
64100	-1501
64200	-1497
64300	-1525
64400	-1531
64500	-1537
64600	-1541
64700	-1545
64800	-1553
64900	-1559
65000	-1557
65100	-1563
65200	-1575
65300	-1585
65400	-1591
65500	-1603
65600	-1621
65700	-1625
65800	-1631
65900	-1633
66000	-1637
66100	-1625
66200	-1627
66300	-1625
66400	-1627
66500	-1627
66600	-1639
66700	-1639
66800	-1627
66900	-1629
67000	-1621
67100	-1615
67200	-1621
67300	-1615
67400	-1609
67500	-1595
67600	-1613
67700	-1619
67800	-1615
67900	-1637
68000	-1647
68100	-1661
68200	-1661
68300	-1691
68400	-1707
68500	-1713
68600	-1719
68700	-1737
68800	-1735
68900	-1739
69000	-1743
69100	-1751
69200	-1751
69300	-1755
69400	-1763
69500	-1755
69600	-1743
69700	-1759
69800	-1767
69900	-1775
70000	-1803
70100	-1809
70200	-1801
70300	-1809
70400	-1805
70500	-1817
70600	-1819
70700	-1833
70800	-1839
70900	-1843
71000	-1851
71100	-1865
71200	-1849
71300	-1857
71400	-1869
71500	-1867
71600	-1891
71700	-1901
71800	-1921
71900	-1927
72000	-1935
72100	-1943
72200	-1949
72300	-1943
72400	-1941
72500	-1933
72600	-1927
72700	-1931
72800	-1925
72900	-1933
73000	-1941
73100	-1937
73200	-1925
73300	-1949
73400	-1959
73500	-1971
73600	-1967
73700	-1953
73800	-1961
73900	-1971
74000	-1965
74100	-1969
74200	-1987
74300	-1977
74400	-1967
74500	-1987
74600	-1991
74700	-1993
74800	-2001
74900	-1993
75000	-2003
75100	-2001
75200	-1995
75300	-1975
75400	-1971
75500	-1969
75600	-1987
75700	-1997
75800	-1999
75900	-1997
76000	-1999
76100	-2003
76200	-1991
76300	-2001
76400	-2007
76500	-2009
76600	-2015
76700	-2011
76800	-2003
76900	-2005
77000	-2029
77100	-2035
77200	-2041
77300	-2041
77400	-2041
77500	-2065
77600	-2053
77700	-2053
77800	-2065
77900	-2073
78000	-2083
78100	-2083
78200	-2085
78300	-2075
78400	-2083
78500	-2071
78600	-2081
78700	-2067
78800	-2069
78900	-2057
79000	-2043
79100	-2045
79200	-2057
79300	-2053
79400	-2055
79500	-2045
79600	-2051
79700	-2049
79800	-2063
79900	-2057
80000	-2057
80100	-2047
80200	-2045
80300	-2079
80400	-2081
80500	-2091
80600	-2099
80700	-2101
80800	-2091
80900	-2107
81000	-2097
81100	-2093
81200	-2089
81300	-2089
81400	-2081
81500	-2091
81600	-2085
81700	-2085
81800	-2093
81900	-2095
82000	-2095
82100	-2087
82200	-2093
82300	-2093
82400	-2093
82500	-2085
82600	-2073
82700	-2085
82800	-2087
82900	-2107
83000	-2095
83100	-2093
83200	-2097
83300	-2095
83400	-2113
83500	-2117
83600	-2123
83700	-2129
83800	-2137
83900	-2151
84000	-2159
84100	-2155
84200	-2181
84300	-2193
84400	-2203
84500	-2191
84600	-2211
84700	-2213
84800	-2231
84900	-2221
85000	-2231
85100	-2245
85200	-2233
85300	-2243
85400	-2249
85500	-2265
85600	-2263
85700	-2263
85800	-2261
85900	-2269
86000	-2251
86100	-2245
86200	-2239
86300	-2223
86400	-2225
86500	-2217
86600	-2209
86700	-2223
86800	-2233
86900	-2227
87000	-2219
87100	-2199
87200	-2203
87300	-2191
87400	-2181
87500	-2179
87600	-2191
87700	-2207
87800	-2217
87900	-2223
88000	-2227
88100	-2229
88200	-2219
88300	-2215
88400	-2219
88500	-2225
88600	-2217
88700	-2203
88800	-2215
88900	-2217
89000	-2231
89100	-2237
89200	-2239
89300	-2243
89400	-2257
89500	-2249
89600	-2249
89700	-2257
89800	-2257
89900	-2241
90000	-2245
90100	-2243
90200	-2263
90300	-2247
90400	-2255
90500	-2265
90600	-2275
90700	-2281
90800	-2277
90900	-2279
91000	-2297
91100	-2287
91200	-2295
91300	-2299
91400	-2301
91500	-2315
91600	-2319
91700	-2325
91800	-2329
91900	-2333
92000	-2349
92100	-2349
92200	-2357
92300	-2375
92400	-2383
92500	-2377
92600	-2383
92700	-2399
92800	-2399
92900	-2405
93000	-2405
93100	-2415
93200	-2411
93300	-2409
93400	-2409
93500	-2413
93600	-2401
93700	-2401
93800	-2395
93900	-2397
94000	-2407
94100	-2405
94200	-2411
94300	-2401
94400	-2417
94500	-2399
94600	-2399
94700	-2387
94800	-2391
94900	-2389
95000	-2385
95100	-2395
95200	-2387
95300	-2397
95400	-2381
95500	-2401
95600	-2383
95700	-2379
95800	-2387
95900	-2387
96000	-2389
96100	-2385
96200	-2387
96300	-2403
96400	-2399
96500	-2399
96600	-2399
96700	-2391
96800	-2389
96900	-2369
97000	-2367
97100	-2371
97200	-2379
97300	-2385
97400	-2373
97500	-2373
97600	-2403
97700	-2409
97800	-2399
97900	-2407
98000	-2409
98100	-2415
98200	-2419
98300	-2405
98400	-2407
98500	-2413
98600	-2421
98700	-2423
98800	-2417
98900	-2443
99000	-2445
99100	-2437
99200	-2457
99300	-2461
99400	-2449
99500	-2453
99600	-2453
99700	-2459
99800	-2457
99900	-2453
