0	0
0	-1
1	-2
2	-1
3	0
4	1
5	0
6	1
7	2
8	3
9	4
10	5
11	4
12	3
13	4
14	3
15	2
16	1
17	0
18	1
19	0
20	1
21	2
22	3
23	2
24	1
25	2
26	1
27	2
28	1
29	2
30	1
31	0
32	-1
33	-2
34	-3
35	-4
36	-3
37	-4
38	-5
39	-4
40	-5
41	-6
42	-7
43	-6
44	-5
45	-4
46	-3
47	-2
48	-1
49	0
50	-1
51	0
52	-1
53	-2
54	-1
55	0
56	-1
57	-2
58	-3
59	-4
60	-5
61	-4
62	-5
63	-6
64	-5
65	-4
66	-3
67	-4
68	-5
69	-6
70	-5
71	-6
72	-5
73	-6
74	-7
75	-8
76	-7
77	-8
78	-9
79	-10
80	-9
81	-8
82	-7
83	-8
84	-9
85	-8
86	-7
87	-8
88	-7
89	-6
90	-7
91	-8
92	-9
93	-10
94	-9
95	-8
96	-7
97	-8
98	-7
99	-8
100	-9
101	-10
102	-9
103	-8
104	-7
105	-8
106	-9
107	-10
108	-9
109	-10
110	-11
111	-12
112	-11
113	-10
114	-11
115	-12
116	-11
117	-12
118	-13
119	-14
120	-15
121	-14
122	-15
123	-16
124	-17
125	-16
126	-15
127	-16
128	-15
129	-14
130	-15
131	-14
132	-13
133	-14
134	-15
135	-16
136	-15
137	-16
138	-15
139	-14
140	-13
141	-12
142	-11
143	-10
144	-11
145	-10
146	-9
147	-8
148	-7
149	-8
150	-7
151	-8
152	-7
153	-8
154	-7
155	-8
156	-9
157	-8
158	-9
159	-10
160	-11
161	-10
162	-11
163	-10
164	-11
165	-10
166	-11
167	-10
168	-11
169	-10
170	-9
171	-10
172	-9
173	-8
174	-7
175	-6
176	-5
177	-4
178	-5
179	-4
180	-3
181	-2
182	-1
183	-2
184	-3
185	-4
186	-5
187	-4
188	-5
189	-6
190	-7
191	-6
192	-5
193	-6
194	-7
195	-6
196	-5
197	-4
198	-5
199	-6
200	-5
201	-6
202	-7
203	-8
204	-7
205	-6
206	-5
207	-4
208	-3
209	-4
210	-5
211	-4
212	-5
213	-6
214	-5
215	-6
216	-7
217	-8
218	-7
219	-6
220	-7
221	-8
222	-7
223	-8
224	-7
225	-8
226	-7
227	-6
228	-5
229	-6
230	-5
231	-6
232	-5
233	-4
234	-5
235	-4
236	-5
237	-4
238	-5
239	-6
240	-5
241	-6
242	-7
243	-8
244	-7
245	-6
246	-7
247	-8
248	-9
249	-8
250	-9
251	-8
252	-7
253	-6
254	-5
255	-4
256	-3
257	-4
258	-5
259	-6
260	-7
261	-6
262	-7
263	-6
264	-5
265	-6
266	-7
267	-8
268	-7
269	-6
270	-7
271	-8
272	-7
273	-6
274	-5
275	-6
276	-7
277	-6
278	-7
279	-8
280	-7
281	-8
282	-9
283	-10
284	-11
285	-10
286	-11
287	-10
288	-9
289	-8
290	-7
291	-8
292	-7
293	-6
294	-5
295	-4
296	-5
297	-6
298	-5
299	-6
300	-5
301	-4
302	-3
303	-4
304	-3
305	-4
306	-3
307	-4
308	-5
309	-6
310	-5
311	-6
312	-5
313	-4
314	-5
315	-6
316	-5
317	-4
318	-3
319	-4
320	-3
321	-4
322	-5
323	-6
324	-7
325	-8
326	-7
327	-8
328	-9
329	-10
330	-11
331	-10
332	-9
333	-8
334	-7
335	-6
336	-5
337	-4
338	-3
339	-4
340	-5
341	-4
342	-3
343	-4
344	-5
345	-4
346	-3
347	-4
348	-5
349	-4
350	-5
351	-4
352	-3
353	-4
354	-5
355	-4
356	-5
357	-6
358	-7
359	-8
360	-9
361	-8
362	-9
363	-10
364	-11
365	-10
366	-11
367	-12
368	-11
369	-12
370	-13
371	-14
372	-13
373	-12
374	-11
375	-10
376	-11
377	-12
378	-11
379	-12
380	-11
381	-12
382	-13
383	-14
384	-13
385	-14
386	-15
387	-14
388	-13
389	-12
390	-11
391	-12
392	-13
393	-12
394	-13
395	-14
396	-13
397	-12
398	-11
399	-10
400	-9
401	-10
402	-9
403	-8
404	-9
405	-8
406	-7
407	-6
408	-7
409	-8
410	-9
411	-10
412	-11
413	-12
414	-11
415	-10
416	-9
417	-10
418	-9
419	-8
420	-9
421	-8
422	-7
423	-8
424	-7
425	-6
426	-5
427	-6
428	-7
429	-6
430	-5
431	-6
432	-7
433	-8
434	-9
435	-10
436	-9
437	-10
438	-9
439	-10
440	-9
441	-10
442	-11
443	-12
444	-13
445	-12
446	-11
447	-12
448	-11
449	-10
450	-9
451	-8
452	-9
453	-10
454	-9
455	-10
456	-11
457	-10
458	-11
459	-12
460	-13
461	-12
462	-13
463	-14
464	-15
465	-16
466	-17
467	-18
468	-19
469	-18
470	-19
471	-20
472	-21
473	-22
474	-23
475	-24
476	-25
477	-24
478	-25
479	-24
480	-23
481	-24
482	-25
483	-26
484	-27
485	-26
486	-25
487	-26
488	-27
489	-28
490	-29
491	-30
492	-31
493	-30
494	-31
495	-30
496	-31
497	-30
498	-31
499	-30
500	-29
501	-30
502	-31
503	-30
504	-31
505	-30
506	-31
507	-32
508	-33
509	-32
510	-31
511	-30
512	-31
513	-32
514	-33
515	-34
516	-33
517	-32
518	-33
519	-34
520	-33
521	-32
522	-31
523	-32
524	-31
525	-30
526	-31
527	-32
528	-33
529	-34
530	-35
531	-34
532	-33
533	-32
534	-31
535	-30
536	-29
537	-30
538	-29
539	-30
540	-31
541	-32
542	-33
543	-34
544	-33
545	-34
546	-35
547	-34
548	-33
549	-34
550	-33
551	-32
552	-33
553	-34
554	-35
555	-36
556	-37
557	-36
558	-37
559	-38
560	-39
561	-40
562	-41
563	-40
564	-39
565	-38
566	-39
567	-40
568	-41
569	-40
570	-39
571	-38
572	-37
573	-36
574	-35
575	-36
576	-35
577	-36
578	-37
579	-36
580	-35
581	-34
582	-33
583	-34
584	-33
585	-32
586	-31
587	-30
588	-29
589	-28
590	-29
591	-30
592	-31
593	-32
594	-31
595	-30
596	-29
597	-28
598	-29
599	-30
600	-29
601	-28
602	-29
603	-28
604	-27
605	-26
606	-27
607	-26
608	-25
609	-26
610	-25
611	-26
612	-25
613	-24
614	-23
615	-24
616	-25
617	-24
618	-23
619	-22
620	-21
621	-20
622	-21
623	-20
624	-21
625	-20
626	-21
627	-22
628	-21
629	-20
630	-21
631	-20
632	-19
633	-18
634	-19
635	-18
636	-17
637	-18
638	-17
639	-18
640	-19
641	-18
642	-17
643	-16
644	-17
645	-16
646	-17
647	-18
648	-17
649	-18
650	-19
651	-18
652	-19
653	-18
654	-17
655	-16
656	-17
657	-16
658	-15
659	-16
660	-17
661	-16
662	-15
663	-16
664	-17
665	-18
666	-17
667	-16
668	-15
669	-14
670	-13
671	-14
672	-15
673	-14
674	-15
675	-14
676	-15
677	-16
678	-15
679	-14
680	-15
681	-16
682	-17
683	-16
684	-17
685	-18
686	-19
687	-18
688	-19
689	-18
690	-17
691	-18
692	-17
693	-16
694	-15
695	-14
696	-15
697	-16
698	-15
699	-16
700	-15
701	-16
702	-15
703	-16
704	-15
705	-16
706	-15
707	-16
708	-17
709	-16
710	-15
711	-16
712	-15
713	-14
714	-13
715	-12
716	-13
717	-14
718	-15
719	-16
720	-17
721	-18
722	-17
723	-16
724	-15
725	-16
726	-17
727	-16
728	-17
729	-16
730	-17
731	-16
732	-17
733	-16
734	-15
735	-16
736	-17
737	-16
738	-15
739	-16
740	-15
741	-16
742	-15
743	-16
744	-17
745	-16
746	-17
747	-16
748	-15
749	-14
750	-15
751	-16
752	-17
753	-18
754	-17
755	-16
756	-15
757	-16
758	-15
759	-14
760	-13
761	-12
762	-13
763	-14
764	-13
765	-12
766	-11
767	-12
768	-13
769	-14
770	-13
771	-14
772	-13
773	-12
774	-11
775	-10
776	-9
777	-8
778	-7
779	-6
780	-5
781	-4
782	-3
783	-2
784	-1
785	0
786	1
787	2
788	1
789	2
790	1
791	2
792	1
793	2
794	1
795	2
796	3
797	2
798	1
799	0
800	-1
801	-2
802	-1
803	0
804	1
805	0
806	-1
807	-2
808	-3
809	-4
810	-3
811	-2
812	-3
813	-2
814	-1
815	-2
816	-1
817	0
818	1
819	0
820	1
821	0
822	1
823	0
824	-1
825	-2
826	-1
827	0
828	-1
829	0
830	1
831	0
832	-1
833	-2
834	-3
835	-4
836	-3
837	-2
838	-3
839	-2
840	-1
841	0
842	1
843	0
844	-1
845	-2
846	-1
847	0
848	-1
849	-2
850	-1
851	0
852	-1
853	0
854	-1
855	0
856	-1
857	-2
858	-1
859	0
860	-1
861	-2
862	-3
863	-2
864	-1
865	0
866	1
867	2
868	1
869	0
870	-1
871	-2
872	-1
873	0
874	-1
875	0
876	1
877	2
878	1
879	2
880	3
881	2
882	3
883	2
884	1
885	0
886	1
887	0
888	-1
889	0
890	1
891	2
892	3
893	2
894	3
895	2
896	1
897	2
898	3
899	2
900	1
901	2
902	1
903	0
904	1
905	0
906	1
907	2
908	3
909	2
910	3
911	4
912	5
913	4
914	5
915	6
916	5
917	6
918	7
919	6
920	5
921	4
922	3
923	4
924	5
925	6
926	7
927	8
928	7
929	8
930	7
931	6
932	5
933	4
934	3
935	2
936	1
937	0
938	1
939	0
940	1
941	0
942	-1
943	-2
944	-1
945	0
946	1
947	0
948	-1
949	-2
950	-3
951	-4
952	-3
953	-4
954	-3
955	-2
956	-1
957	0
958	1
959	2
960	3
961	4
962	3
963	4
964	3
965	4
966	5
967	4
968	3
969	2
970	3
971	4
972	5
973	6
974	7
975	6
976	5
977	4
978	3
979	4
980	3
981	4
982	5
983	6
984	5
985	4
986	3
987	4
988	3
989	4
990	5
991	4
992	3
993	4
994	3
995	2
996	3
997	2
998	3
999	4
