0	0
0	-1
1	4
2	3
3	2
4	1
5	0
6	-1
7	-2
8	-3
9	-4
10	-5
11	-6
12	-1
13	-2
14	-3
15	-4
16	-5
17	0
18	5
19	4
20	3
21	2
22	7
23	6
24	11
25	10
26	9
27	8
28	7
29	12
30	11
31	10
32	9
33	8
34	7
35	12
36	11
37	10
38	9
39	14
40	13
41	12
42	11
43	10
44	9
45	8
46	7
47	6
48	5
49	4
50	3
51	2
52	1
53	0
54	-1
55	-2
56	-3
57	-4
58	-5
59	-6
60	-7
61	-8
62	-9
63	-10
64	-11
65	-12
66	-7
67	-2
68	-3
69	-4
70	-5
71	0
72	-1
73	-2
74	-3
75	-4
76	-5
77	-6
78	-7
79	-8
80	-9
81	-10
82	-11
83	-12
84	-13
85	-14
86	-15
87	-10
88	-5
89	0
90	5
91	4
92	3
93	2
94	1
95	0
96	5
97	4
98	9
99	14
100	13
101	18
102	17
103	16
104	15
105	14
106	13
107	12
108	17
109	16
110	15
111	14
112	13
113	12
114	11
115	10
116	9
117	14
118	13
119	12
120	17
121	22
122	21
123	20
124	19
125	18
126	17
127	16
128	15
129	14
130	13
131	12
132	11
133	10
134	15
135	14
136	13
137	12
138	17
139	16
140	15
141	14
142	13
143	12
144	11
145	10
146	9
147	8
148	7
149	6
150	11
151	10
152	9
153	8
154	7
155	6
156	5
157	4
158	3
159	2
160	1
161	0
162	-1
163	-2
164	-3
165	-4
166	-5
167	0
168	5
169	4
170	3
171	2
172	7
173	6
174	5
175	4
176	3
177	8
178	7
179	12
180	11
181	10
182	9
183	8
184	7
185	6
186	5
187	4
188	3
189	2
190	1
191	0
192	-1
193	-2
194	-3
195	-4
196	-5
197	-6
198	-1
199	-2
200	-3
201	-4
202	-5
203	-6
204	-1
205	-2
206	-3
207	-4
208	1
209	0
210	-1
211	-2
212	-3
213	-4
214	1
215	0
216	5
217	10
218	15
219	14
220	13
221	12
222	11
223	10
224	9
225	8
226	7
227	6
228	5
229	4
230	3
231	2
232	1
233	0
234	-1
235	-2
236	3
237	2
238	1
239	0
240	-1
241	-2
242	-3
243	-4
244	-5
245	-6
246	-7
247	-8
248	-9
249	-10
250	-11
251	-12
252	-7
253	-8
254	-9
255	-10
256	-11
257	-12
258	-13
259	-14
260	-15
261	-16
262	-17
263	-18
264	-19
265	-20
266	-21
267	-16
268	-17
269	-18
270	-19
271	-14
272	-15
273	-10
274	-11
275	-12
276	-13
277	-14
278	-15
279	-16
280	-17
281	-18
282	-19
283	-20
284	-21
285	-22
286	-23
287	-18
288	-19
289	-20
290	-21
291	-16
292	-17
293	-18
294	-13
295	-14
296	-15
297	-10
298	-11
299	-12
300	-13
301	-14
302	-15
303	-16
304	-17
305	-18
306	-13
307	-14
308	-9
309	-10
310	-11
311	-12
312	-7
313	-8
314	-9
315	-10
316	-11
317	-12
318	-7
319	-2
320	-3
321	-4
322	-5
323	-6
324	-1
325	-2
326	-3
327	-4
328	-5
329	0
330	-1
331	-2
332	-3
333	-4
334	-5
335	-6
336	-7
337	-8
338	-9
339	-4
340	-5
341	0
342	5
343	4
344	3
345	2
346	1
347	0
348	-1
349	-2
350	3
351	2
352	1
353	0
354	-1
355	-2
356	-3
357	-4
358	-5
359	-6
360	-7
361	-8
362	-9
363	-10
364	-11
365	-12
366	-13
367	-8
368	-9
369	-4
370	-5
371	-6
372	-7
373	-8
374	-9
375	-10
376	-5
377	-6
378	-7
379	-8
380	-9
381	-10
382	-11
383	-6
384	-7
385	-8
386	-3
387	-4
388	-5
389	-6
390	-1
391	-2
392	-3
393	-4
394	-5
395	-6
396	-7
397	-8
398	-3
399	-4
400	-5
401	-6
402	-1
403	-2
404	-3
405	-4
406	-5
407	-6
408	-7
409	-8
410	-9
411	-10
412	-11
413	-12
414	-13
415	-14
416	-15
417	-16
418	-17
419	-18
420	-13
421	-8
422	-9
423	-10
424	-11
425	-12
426	-13
427	-14
428	-9
429	-4
430	1
431	0
432	5
433	4
434	3
435	2
436	1
437	0
438	-1
439	-2
440	-3
441	-4
442	-5
443	0
444	-1
445	-2
446	-3
447	2
448	1
449	6
450	5
451	4
452	9
453	14
454	13
455	12
456	11
457	16
458	15
459	14
460	13
461	18
462	17
463	16
464	15
465	14
466	13
467	12
468	11
469	10
470	9
471	8
472	7
473	12
474	11
475	10
476	9
477	8
478	7
479	6
480	5
481	10
482	9
483	8
484	7
485	12
486	11
487	10
488	9
489	8
490	7
491	6
492	5
493	4
494	3
495	2
496	1
497	6
498	11
499	10
500	9
501	8
502	7
503	6
504	11
505	10
506	9
507	8
508	7
509	12
510	11
511	10
512	9
513	8
514	7
515	6
516	5
517	4
518	3
519	2
520	7
521	6
522	5
523	10
524	9
525	8
526	7
527	6
528	5
529	4
530	3
531	2
532	1
533	6
534	5
535	4
536	9
537	14
538	13
539	18
540	17
541	16
542	21
543	20
544	19
545	18
546	17
547	16
548	15
549	14
550	13
551	12
552	11
553	10
554	9
555	8
556	13
557	12
558	11
559	10
560	9
561	14
562	13
563	12
564	11
565	10
566	9
567	8
568	7
569	6
570	5
571	4
572	3
573	2
574	1
575	0
576	-1
577	-2
578	-3
579	2
580	1
581	0
582	-1
583	-2
584	-3
585	-4
586	1
587	0
588	-1
589	-2
590	3
591	2
592	1
593	0
594	-1
595	-2
596	-3
597	-4
598	1
599	0
600	5
601	4
602	3
603	2
604	7
605	6
606	5
607	4
608	3
609	2
610	1
611	0
612	-1
613	-2
614	3
615	2
616	7
617	6
618	5
619	4
620	3
621	2
622	1
623	6
624	5
625	4
626	3
627	2
628	1
629	0
630	-1
631	-2
632	-3
633	-4
634	-5
635	-6
636	-1
637	-2
638	-3
639	2
640	7
641	12
642	11
643	10
644	9
645	8
646	7
647	6
648	11
649	10
650	9
651	8
652	7
653	6
654	5
655	4
656	3
657	2
658	1
659	0
660	-1
661	-2
662	3
663	8
664	7
665	6
666	5
667	4
668	3
669	8
670	7
671	6
672	5
673	10
674	9
675	8
676	7
677	6
678	5
679	4
680	3
681	8
682	13
683	12
684	17
685	16
686	21
687	20
688	25
689	24
690	23
691	28
692	27
693	26
694	25
695	24
696	23
697	22
698	27
699	26
700	25
701	24
702	23
703	22
704	21
705	20
706	19
707	18
708	17
709	16
710	15
711	14
712	13
713	12
714	11
715	10
716	9
717	8
718	7
719	6
720	11
721	10
722	9
723	8
724	13
725	12
726	17
727	16
728	15
729	14
730	13
731	12
732	11
733	16
734	15
735	14
736	13
737	12
738	11
739	16
740	15
741	14
742	13
743	12
744	11
745	10
746	15
747	14
748	13
749	12
750	11
751	10
752	9
753	8
754	7
755	12
756	11
757	10
758	9
759	8
760	7
761	6
762	5
763	4
764	3
765	2
766	1
767	0
768	-1
769	4
770	3
771	2
772	1
773	0
774	5
775	10
776	9
777	8
778	7
779	12
780	17
781	22
782	21
783	20
784	19
785	18
786	23
787	22
788	27
789	32
790	31
791	36
792	35
793	34
794	33
795	32
796	31
797	30
798	29
799	34
800	33
801	32
802	37
803	42
804	41
805	40
806	39
807	38
808	37
809	36
810	35
811	34
812	33
813	32
814	31
815	30
816	35
817	34
818	33
819	32
820	31
821	30
822	29
823	28
824	27
825	32
826	31
827	30
828	35
829	34
830	33
831	32
832	31
833	30
834	29
835	28
836	27
837	26
838	25
839	24
840	23
841	22
842	21
843	20
844	19
845	18
846	17
847	16
848	15
849	14
850	13
851	12
852	11
853	10
854	9
855	14
856	19
857	18
858	17
859	16
860	15
861	14
862	13
863	12
864	11
865	10
866	9
867	8
868	13
869	12
870	17
871	16
872	15
873	14
874	13
875	12
876	11
877	10
878	9
879	8
880	7
881	6
882	5
883	10
884	9
885	8
886	13
887	12
888	11
889	10
890	9
891	8
892	7
893	6
894	5
895	4
896	9
897	14
898	13
899	12
900	11
901	10
902	9
903	8
904	7
905	6
906	5
907	4
908	3
909	2
910	1
911	0
912	-1
913	-2
914	-3
915	-4
916	-5
917	-6
918	-7
919	-8
920	-9
921	-10
922	-11
923	-12
924	-13
925	-8
926	-9
927	-10
928	-5
929	-6
930	-7
931	-8
932	-9
933	-10
934	-5
935	0
936	-1
937	-2
938	-3
939	-4
940	-5
941	-6
942	-7
943	-2
944	-3
945	-4
946	1
947	0
948	5
949	4
950	3
951	2
952	1
953	6
954	11
955	10
956	9
957	8
958	7
959	6
960	5
961	4
962	3
963	2
964	7
965	6
966	5
967	4
968	3
969	2
970	1
971	0
972	-1
973	4
974	3
975	2
976	1
977	6
978	5
979	4
980	3
981	2
982	1
983	0
984	-1
985	-2
986	-3
987	2
988	1
989	0
990	5
991	4
992	3
993	2
994	1
995	6
996	11
997	10
998	9
999	8
