0	0
0	-1
1	0
2	1
3	2
4	1
5	2
6	1
7	0
8	-1
9	-2
10	-3
11	-4
12	-5
13	-4
14	-5
15	-4
16	-3
17	-2
18	-1
19	0
20	1
21	0
22	1
23	0
24	1
25	0
26	-1
27	0
28	-1
29	0
30	1
31	2
32	1
33	2
34	1
35	2
36	1
37	0
38	-1
39	-2
40	-1
41	0
42	-1
43	-2
44	-3
45	-4
46	-3
47	-4
48	-5
49	-6
50	-5
51	-6
52	-5
53	-6
54	-5
55	-4
56	-3
57	-2
58	-1
59	0
60	-1
61	0
62	1
63	0
64	1
65	0
66	1
67	0
68	1
69	0
70	-1
71	0
72	-1
73	-2
74	-3
75	-2
76	-1
77	0
78	-1
79	0
80	1
81	0
82	1
83	2
84	1
85	2
86	3
87	2
88	1
89	0
90	-1
91	-2
92	-3
93	-2
94	-3
95	-2
96	-3
97	-4
98	-5
99	-4
100	-3
101	-4
102	-5
103	-6
104	-5
105	-6
106	-7
107	-8
108	-7
109	-6
110	-5
111	-4
112	-5
113	-6
114	-5
115	-4
116	-3
117	-4
118	-5
119	-6
120	-7
121	-6
122	-5
123	-6
124	-7
125	-6
126	-5
127	-4
128	-3
129	-4
130	-5
131	-4
132	-5
133	-6
134	-5
135	-4
136	-5
137	-6
138	-5
139	-4
140	-5
141	-6
142	-7
143	-6
144	-7
145	-6
146	-5
147	-6
148	-7
149	-8
150	-7
151	-8
152	-9
153	-10
154	-9
155	-8
156	-7
157	-6
158	-7
159	-6
160	-7
161	-6
162	-7
163	-6
164	-7
165	-8
166	-7
167	-6
168	-7
169	-8
170	-9
171	-10
172	-11
173	-10
174	-11
175	-10
176	-11
177	-10
178	-9
179	-8
180	-9
181	-8
182	-9
183	-8
184	-9
185	-10
186	-11
187	-12
188	-11
189	-12
190	-11
191	-12
192	-13
193	-12
194	-13
195	-12
196	-11
197	-12
198	-13
199	-14
200	-15
201	-16
202	-17
203	-16
204	-15
205	-16
206	-17
207	-18
208	-19
209	-20
210	-21
211	-22
212	-23
213	-24
214	-23
215	-24
216	-23
217	-24
218	-23
219	-22
220	-23
221	-24
222	-25
223	-24
224	-23
225	-22
226	-21
227	-22
228	-23
229	-24
230	-25
231	-26
232	-25
233	-26
234	-27
235	-28
236	-29
237	-28
238	-27
239	-28
240	-29
241	-30
242	-31
243	-32
244	-33
245	-34
246	-33
247	-34
248	-35
249	-36
250	-35
251	-36
252	-35
253	-34
254	-33
255	-32
256	-33
257	-34
258	-35
259	-34
260	-33
261	-34
262	-33
263	-32
264	-31
265	-32
266	-31
267	-30
268	-29
269	-28
270	-29
271	-30
272	-29
273	-28
274	-27
275	-26
276	-25
277	-26
278	-25
279	-26
280	-25
281	-24
282	-25
283	-26
284	-25
285	-24
286	-25
287	-24
288	-25
289	-26
290	-27
291	-28
292	-27
293	-26
294	-25
295	-26
296	-25
297	-26
298	-27
299	-26
300	-25
301	-26
302	-27
303	-28
304	-27
305	-26
306	-27
307	-26
308	-27
309	-28
310	-27
311	-28
312	-29
313	-28
314	-29
315	-30
316	-29
317	-28
318	-27
319	-26
320	-25
321	-26
322	-25
323	-24
324	-23
325	-22
326	-23
327	-24
328	-25
329	-26
330	-25
331	-26
332	-25
333	-24
334	-23
335	-24
336	-23
337	-22
338	-23
339	-22
340	-23
341	-22
342	-23
343	-24
344	-25
345	-24
346	-23
347	-24
348	-25
349	-26
350	-25
351	-26
352	-25
353	-26
354	-27
355	-28
356	-27
357	-26
358	-27
359	-28
360	-29
361	-28
362	-29
363	-28
364	-27
365	-26
366	-25
367	-26
368	-27
369	-26
370	-25
371	-24
372	-23
373	-22
374	-21
375	-22
376	-23
377	-24
378	-25
379	-26
380	-27
381	-28
382	-27
383	-28
384	-29
385	-30
386	-29
387	-30
388	-31
389	-32
390	-31
391	-30
392	-29
393	-30
394	-31
395	-32
396	-33
397	-32
398	-31
399	-30
400	-29
401	-30
402	-29
403	-28
404	-29
405	-28
406	-27
407	-26
408	-27
409	-28
410	-27
411	-26
412	-25
413	-24
414	-23
415	-22
416	-21
417	-20
418	-21
419	-20
420	-21
421	-22
422	-23
423	-22
424	-21
425	-22
426	-23
427	-24
428	-23
429	-24
430	-23
431	-24
432	-25
433	-26
434	-27
435	-28
436	-29
437	-30
438	-29
439	-28
440	-29
441	-28
442	-29
443	-30
444	-31
445	-32
446	-33
447	-34
448	-33
449	-32
450	-33
451	-34
452	-35
453	-36
454	-37
455	-38
456	-39
457	-40
458	-39
459	-40
460	-39
461	-38
462	-39
463	-38
464	-39
465	-38
466	-39
467	-40
468	-39
469	-38
470	-37
471	-36
472	-37
473	-36
474	-35
475	-34
476	-35
477	-36
478	-37
479	-36
480	-35
481	-34
482	-35
483	-36
484	-37
485	-36
486	-37
487	-36
488	-37
489	-38
490	-39
491	-38
492	-39
493	-40
494	-41
495	-42
496	-41
497	-40
498	-39
499	-38
500	-37
501	-36
502	-35
503	-34
504	-35
505	-34
506	-33
507	-32
508	-31
509	-30
510	-29
511	-30
512	-29
513	-28
514	-27
515	-28
516	-29
517	-30
518	-29
519	-28
520	-27
521	-26
522	-25
523	-24
524	-23
525	-22
526	-21
527	-22
528	-21
529	-22
530	-21
531	-20
532	-19
533	-18
534	-19
535	-20
536	-19
537	-18
538	-19
539	-18
540	-17
541	-18
542	-17
543	-16
544	-17
545	-16
546	-15
547	-14
548	-15
549	-16
550	-17
551	-18
552	-19
553	-20
554	-19
555	-20
556	-21
557	-20
558	-21
559	-20
560	-19
561	-20
562	-21
563	-20
564	-19
565	-20
566	-19
567	-20
568	-21
569	-20
570	-19
571	-18
572	-19
573	-18
574	-19
575	-20
576	-19
577	-20
578	-21
579	-22
580	-21
581	-20
582	-21
583	-20
584	-21
585	-22
586	-21
587	-20
588	-21
589	-22
590	-23
591	-22
592	-23
593	-22
594	-23
595	-24
596	-23
597	-24
598	-23
599	-22
600	-23
601	-22
602	-23
603	-22
604	-21
605	-22
606	-23
607	-24
608	-23
609	-24
610	-23
611	-24
612	-25
613	-26
614	-25
615	-26
616	-25
617	-24
618	-25
619	-24
620	-23
621	-24
622	-23
623	-24
624	-25
625	-24
626	-23
627	-24
628	-25
629	-26
630	-27
631	-26
632	-25
633	-26
634	-27
635	-26
636	-27
637	-26
638	-25
639	-26
640	-25
641	-26
642	-25
643	-26
644	-25
645	-26
646	-25
647	-24
648	-23
649	-22
650	-21
651	-20
652	-19
653	-18
654	-19
655	-20
656	-21
657	-22
658	-23
659	-24
660	-25
661	-26
662	-27
663	-28
664	-29
665	-30
666	-31
667	-30
668	-29
669	-30
670	-29
671	-28
672	-27
673	-26
674	-27
675	-28
676	-27
677	-28
678	-29
679	-28
680	-27
681	-26
682	-25
683	-24
684	-23
685	-24
686	-23
687	-22
688	-21
689	-20
690	-19
691	-20
692	-21
693	-20
694	-21
695	-20
696	-19
697	-20
698	-21
699	-22
700	-23
701	-24
702	-23
703	-22
704	-21
705	-20
706	-19
707	-20
708	-19
709	-18
710	-19
711	-20
712	-21
713	-20
714	-19
715	-18
716	-19
717	-18
718	-19
719	-18
720	-17
721	-16
722	-17
723	-16
724	-17
725	-18
726	-19
727	-20
728	-21
729	-22
730	-23
731	-22
732	-21
733	-22
734	-21
735	-20
736	-19
737	-20
738	-21
739	-20
740	-21
741	-20
742	-19
743	-18
744	-19
745	-20
746	-21
747	-22
748	-23
749	-22
750	-23
751	-24
752	-23
753	-22
754	-23
755	-24
756	-25
757	-24
758	-25
759	-26
760	-25
761	-24
762	-23
763	-24
764	-25
765	-26
766	-27
767	-28
768	-27
769	-26
770	-27
771	-26
772	-27
773	-28
774	-27
775	-26
776	-25
777	-26
778	-25
779	-24
780	-23
781	-22
782	-23
783	-24
784	-25
785	-26
786	-27
787	-28
788	-29
789	-28
790	-27
791	-26
792	-27
793	-26
794	-25
795	-26
796	-27
797	-26
798	-27
799	-28
800	-27
801	-26
802	-25
803	-26
804	-25
805	-24
806	-23
807	-22
808	-23
809	-24
810	-23
811	-22
812	-23
813	-22
814	-23
815	-24
816	-23
817	-24
818	-25
819	-24
820	-25
821	-26
822	-27
823	-28
824	-27
825	-26
826	-25
827	-26
828	-25
829	-26
830	-27
831	-28
832	-27
833	-26
834	-27
835	-28
836	-29
837	-30
838	-29
839	-28
840	-27
841	-26
842	-27
843	-26
844	-27
845	-26
846	-25
847	-24
848	-25
849	-26
850	-25
851	-24
852	-25
853	-24
854	-25
855	-26
856	-27
857	-26
858	-27
859	-28
860	-27
861	-26
862	-25
863	-26
864	-27
865	-26
866	-25
867	-26
868	-27
869	-28
870	-27
871	-26
872	-27
873	-28
874	-27
875	-28
876	-27
877	-28
878	-29
879	-28
880	-27
881	-28
882	-27
883	-28
884	-29
885	-28
886	-27
887	-28
888	-29
889	-28
890	-29
891	-28
892	-29
893	-30
894	-31
895	-30
896	-29
897	-30
898	-29
899	-30
900	-31
901	-32
902	-31
903	-32
904	-33
905	-32
906	-31
907	-32
908	-33
909	-32
910	-31
911	-32
912	-33
913	-34
914	-33
915	-34
916	-33
917	-32
918	-33
919	-32
920	-31
921	-30
922	-29
923	-30
924	-29
925	-28
926	-29
927	-28
928	-29
929	-30
930	-31
931	-30
932	-31
933	-30
934	-29
935	-30
936	-29
937	-28
938	-29
939	-28
940	-27
941	-26
942	-27
943	-26
944	-25
945	-26
946	-27
947	-28
948	-29
949	-30
950	-31
951	-32
952	-33
953	-34
954	-33
955	-34
956	-35
957	-36
958	-37
959	-36
960	-35
961	-34
962	-33
963	-34
964	-35
965	-36
966	-35
967	-36
968	-37
969	-36
970	-37
971	-36
972	-37
973	-38
974	-39
975	-38
976	-37
977	-38
978	-37
979	-36
980	-35
981	-36
982	-35
983	-36
984	-37
985	-36
986	-35
987	-36
988	-35
989	-34
990	-35
991	-36
992	-37
993	-38
994	-37
995	-38
996	-37
997	-38
998	-37
999	-38
