0	0
0	-1
1	-2
2	-3
3	-4
4	-5
5	-6
6	-7
7	-8
8	-9
9	-10
10	7
11	6
12	5
13	4
14	3
15	2
16	1
17	0
18	17
19	16
20	15
21	14
22	13
23	12
24	11
25	10
26	9
27	8
28	7
29	6
30	5
31	4
32	3
33	2
34	1
35	0
36	-1
37	-2
38	-3
39	-4
40	-5
41	-6
42	-7
43	-8
44	-9
45	-10
46	-11
47	-12
48	-13
49	-14
50	3
51	2
52	1
53	0
54	-1
55	-2
56	-3
57	-4
58	-5
59	-6
60	-7
61	10
62	27
63	26
64	25
65	24
66	23
67	22
68	21
69	20
70	19
71	18
72	17
73	16
74	15
75	14
76	31
77	30
78	29
79	28
80	27
81	26
82	25
83	24
84	23
85	22
86	21
87	20
88	19
89	18
90	17
91	16
92	15
93	14
94	13
95	12
96	11
97	10
98	9
99	26
100	25
101	24
102	23
103	22
104	21
105	20
106	19
107	18
108	17
109	16
110	15
111	14
112	13
113	12
114	11
115	10
116	9
117	8
118	25
119	24
120	23
121	22
122	21
123	20
124	19
125	18
126	17
127	16
128	15
129	14
130	13
131	12
132	11
133	10
134	27
135	26
136	43
137	42
138	41
139	40
140	39
141	38
142	37
143	36
144	35
145	34
146	33
147	32
148	31
149	30
150	29
151	28
152	27
153	26
154	25
155	24
156	23
157	22
158	21
159	20
160	19
161	18
162	17
163	16
164	15
165	14
166	13
167	12
168	11
169	10
170	9
171	8
172	7
173	6
174	5
175	4
176	21
177	20
178	37
179	36
180	35
181	34
182	33
183	32
184	31
185	30
186	29
187	28
188	27
189	26
190	25
191	24
192	23
193	22
194	21
195	20
196	19
197	18
198	17
199	16
200	15
201	14
202	13
203	12
204	29
205	28
206	27
207	26
208	25
209	24
210	23
211	22
212	21
213	20
214	19
215	18
216	17
217	16
218	15
219	14
220	13
221	12
222	11
223	10
224	9
225	8
226	7
227	6
228	5
229	4
230	3
231	2
232	1
233	0
234	-1
235	-2
236	15
237	14
238	13
239	12
240	11
241	10
242	9
243	8
244	7
245	6
246	5
247	4
248	3
249	2
250	1
251	0
252	-1
253	-2
254	-3
255	-4
256	-5
257	-6
258	-7
259	-8
260	-9
261	-10
262	-11
263	-12
264	-13
265	-14
266	-15
267	-16
268	-17
269	-18
270	-19
271	-2
272	15
273	14
274	13
275	12
276	11
277	10
278	9
279	8
280	7
281	6
282	5
283	4
284	3
285	2
286	1
287	0
288	-1
289	-2
290	-3
291	-4
292	-5
293	-6
294	-7
295	-8
296	-9
297	-10
298	-11
299	-12
300	-13
301	-14
302	-15
303	-16
304	-17
305	-18
306	-19
307	-20
308	-21
309	-22
310	-23
311	-24
312	-7
313	-8
314	-9
315	-10
316	-11
317	-12
318	-13
319	-14
320	-15
321	-16
322	-17
323	-18
324	-19
325	-20
326	-21
327	-22
328	-23
329	-24
330	-7
331	-8
332	-9
333	-10
334	-11
335	-12
336	-13
337	-14
338	-15
339	-16
340	-17
341	-18
342	-19
343	-20
344	-21
345	-22
346	-23
347	-24
348	-25
349	-8
350	-9
351	-10
352	-11
353	-12
354	-13
355	-14
356	-15
357	-16
358	1
359	0
360	-1
361	-2
362	-3
363	-4
364	-5
365	-6
366	-7
367	-8
368	-9
369	-10
370	-11
371	-12
372	-13
373	-14
374	3
375	2
376	1
377	0
378	-1
379	-2
380	-3
381	-4
382	-5
383	-6
384	-7
385	-8
386	-9
387	-10
388	-11
389	-12
390	-13
391	-14
392	-15
393	-16
394	-17
395	-18
396	-19
397	-20
398	-3
399	-4
400	-5
401	-6
402	-7
403	10
404	9
405	8
406	7
407	6
408	5
409	4
410	3
411	20
412	19
413	18
414	17
415	16
416	15
417	14
418	13
419	12
420	11
421	10
422	9
423	8
424	7
425	6
426	5
427	4
428	3
429	2
430	19
431	18
432	17
433	16
434	15
435	14
436	13
437	30
438	29
439	28
440	27
441	26
442	25
443	24
444	23
445	22
446	21
447	20
448	19
449	18
450	17
451	16
452	15
453	14
454	13
455	12
456	11
457	28
458	27
459	26
460	25
461	24
462	23
463	22
464	21
465	20
466	19
467	18
468	17
469	16
470	15
471	14
472	13
473	12
474	11
475	10
476	9
477	8
478	7
479	6
480	5
481	4
482	3
483	2
484	1
485	0
486	-1
487	-2
488	-3
489	-4
490	-5
491	-6
492	-7
493	-8
494	-9
495	-10
496	-11
497	-12
498	-13
499	-14
500	-15
501	-16
502	-17
503	-18
504	-19
505	-20
506	-21
507	-22
508	-23
509	-24
510	-25
511	-26
512	-27
513	-28
514	-29
515	-30
516	-31
517	-32
518	-33
519	-34
520	-35
521	-36
522	-37
523	-38
524	-39
525	-40
526	-41
527	-42
528	-43
529	-44
530	-45
531	-46
532	-47
533	-48
534	-49
535	-50
536	-33
537	-34
538	-35
539	-36
540	-37
541	-38
542	-39
543	-40
544	-41
545	-42
546	-43
547	-44
548	-45
549	-46
550	-47
551	-48
552	-49
553	-32
554	-15
555	-16
556	-17
557	-18
558	-19
559	-20
560	-21
561	-22
562	-23
563	-24
564	-25
565	-26
566	-27
567	-28
568	-29
569	-30
570	-31
571	-32
572	-33
573	-34
574	-35
575	-36
576	-37
577	-38
578	-39
579	-40
580	-41
581	-42
582	-43
583	-44
584	-45
585	-46
586	-47
587	-48
588	-49
589	-32
590	-33
591	-34
592	-35
593	-36
594	-37
595	-38
596	-39
597	-40
598	-41
599	-42
600	-43
601	-44
602	-45
603	-46
604	-47
605	-48
606	-49
607	-50
608	-51
609	-52
610	-53
611	-54
612	-55
613	-56
614	-57
615	-58
616	-59
617	-60
618	-61
619	-62
620	-63
621	-64
622	-65
623	-66
624	-67
625	-68
626	-51
627	-52
628	-53
629	-54
630	-55
631	-56
632	-57
633	-58
634	-59
635	-42
636	-43
637	-44
638	-45
639	-46
640	-47
641	-48
642	-49
643	-50
644	-51
645	-52
646	-53
647	-54
648	-55
649	-56
650	-57
651	-58
652	-59
653	-60
654	-61
655	-62
656	-63
657	-64
658	-47
659	-48
660	-49
661	-50
662	-51
663	-52
664	-53
665	-54
666	-55
667	-38
668	-39
669	-40
670	-41
671	-42
672	-43
673	-26
674	-27
675	-28
676	-29
677	-12
678	-13
679	-14
680	3
681	2
682	1
683	0
684	-1
685	-2
686	-3
687	-4
688	-5
689	-6
690	-7
691	-8
692	-9
693	-10
694	-11
695	-12
696	-13
697	-14
698	-15
699	-16
700	-17
701	-18
702	-19
703	-20
704	-21
705	-22
706	-23
707	-24
708	-25
709	-26
710	-27
711	-28
712	-29
713	-30
714	-13
715	-14
716	-15
717	-16
718	-17
719	-18
720	-19
721	-20
722	-21
723	-22
724	-23
725	-24
726	-25
727	-26
728	-27
729	-28
730	-29
731	-30
732	-31
733	-32
734	-33
735	-34
736	-35
737	-36
738	-19
739	-20
740	-21
741	-22
742	-5
743	-6
744	-7
745	10
746	9
747	8
748	7
749	6
750	5
751	4
752	3
753	2
754	1
755	0
756	-1
757	-2
758	15
759	14
760	13
761	12
762	11
763	10
764	9
765	8
766	7
767	6
768	5
769	4
770	3
771	2
772	1
773	0
774	-1
775	-2
776	-3
777	-4
778	-5
779	-6
780	-7
781	-8
782	-9
783	-10
784	-11
785	-12
786	-13
787	-14
788	-15
789	-16
790	-17
791	-18
792	-19
793	-20
794	-21
795	-22
796	-23
797	-24
798	-7
799	-8
800	-9
801	-10
802	-11
803	-12
804	-13
805	-14
806	-15
807	-16
808	-17
809	-18
810	-19
811	-20
812	-21
813	-22
814	-23
815	-24
816	-25
817	-26
818	-27
819	-28
820	-29
821	-30
822	-13
823	4
824	3
825	20
826	19
827	18
828	17
829	16
830	15
831	14
832	13
833	12
834	11
835	10
836	9
837	8
838	25
839	24
840	23
841	22
842	21
843	20
844	19
845	18
846	17
847	16
848	15
849	14
850	13
851	12
852	11
853	10
854	9
855	8
856	7
857	6
858	5
859	4
860	3
861	2
862	1
863	18
864	35
865	34
866	33
867	32
868	31
869	30
870	29
871	28
872	27
873	44
874	43
875	42
876	41
877	40
878	39
879	38
880	37
881	36
882	35
883	52
884	69
885	68
886	67
887	66
888	65
889	64
890	63
891	80
892	79
893	78
894	77
895	76
896	75
897	74
898	73
899	90
900	107
901	106
902	105
903	104
904	103
905	102
906	101
907	100
908	99
909	98
910	97
911	96
912	95
913	94
914	93
915	92
916	91
917	90
918	89
919	88
920	87
921	104
922	103
923	102
924	101
925	100
926	99
927	98
928	97
929	96
930	95
931	112
932	111
933	110
934	109
935	108
936	107
937	106
938	105
939	104
940	103
941	102
942	101
943	100
944	99
945	98
946	97
947	96
948	95
949	94
950	93
951	92
952	91
953	90
954	89
955	88
956	87
957	86
958	85
959	84
960	101
961	100
962	99
963	98
964	97
965	96
966	95
967	94
968	93
969	92
970	91
971	90
972	89
973	88
974	87
975	104
976	103
977	120
978	119
979	118
980	117
981	116
982	115
983	114
984	113
985	112
986	111
987	110
988	109
989	108
990	107
991	106
992	105
993	104
994	103
995	102
996	101
997	118
998	117
999	134
