0	0
0	-1
1	-2
2	-3
3	-4
4	-5
5	-6
6	-7
7	-8
8	-9
9	-10
10	-11
11	-12
12	-13
13	-14
14	-15
15	-16
16	-17
17	-18
18	-19
19	-20
20	-21
21	-22
22	-23
23	-24
24	-25
25	-26
26	-27
27	-28
28	-29
29	-30
30	-31
31	-32
32	-33
33	-34
34	-35
35	-36
36	-37
37	-38
38	-39
39	-40
40	-41
41	-42
42	-43
43	-44
44	-45
45	-46
46	-47
47	-48
48	-49
49	-50
50	-51
51	-52
52	-53
53	-54
54	-55
55	-56
56	-57
57	-58
58	-59
59	-60
60	-61
61	-62
62	-63
63	-64
64	-65
65	-66
66	-67
67	-68
68	-69
69	-34
70	-35
71	-36
72	-37
73	-38
74	-39
75	-40
76	-5
77	-6
78	-7
79	28
80	27
81	26
82	25
83	24
84	23
85	22
86	21
87	20
88	19
89	18
90	17
91	16
92	51
93	50
94	49
95	48
96	83
97	82
98	81
99	80
100	79
101	78
102	77
103	76
104	111
105	110
106	109
107	108
108	143
109	142
110	141
111	140
112	139
113	138
114	137
115	136
116	135
117	134
118	133
119	132
120	131
121	130
122	129
123	164
124	163
125	162
126	161
127	160
128	159
129	158
130	193
131	192
132	191
133	190
134	189
135	188
136	187
137	186
138	185
139	184
140	183
141	182
142	181
143	180
144	179
145	214
146	213
147	212
148	211
149	210
150	209
151	208
152	207
153	206
154	205
155	204
156	203
157	202
158	201
159	200
160	199
161	198
162	197
163	196
164	195
165	194
166	193
167	192
168	191
169	190
170	189
171	188
172	187
173	186
174	185
175	184
176	183
177	182
178	181
179	180
180	179
181	178
182	177
183	176
184	175
185	174
186	173
187	172
188	171
189	170
190	169
191	168
192	203
193	202
194	201
195	200
196	199
197	198
198	197
199	196
200	195
201	194
202	193
203	192
204	191
205	190
206	189
207	188
208	187
209	186
210	185
211	184
212	183
213	182
214	181
215	180
216	179
217	178
218	177
219	176
220	175
221	174
222	173
223	172
224	171
225	170
226	169
227	168
228	167
229	166
230	165
231	164
232	163
233	162
234	161
235	160
236	159
237	158
238	157
239	156
240	155
241	154
242	153
243	152
244	151
245	150
246	149
247	148
248	147
249	146
250	145
251	144
252	143
253	142
254	141
255	140
256	139
257	138
258	137
259	136
260	135
261	134
262	133
263	132
264	131
265	130
266	129
267	128
268	127
269	126
270	125
271	124
272	123
273	122
274	121
275	120
276	119
277	118
278	117
279	116
280	115
281	114
282	113
283	148
284	147
285	146
286	145
287	144
288	179
289	178
290	177
291	176
292	175
293	174
294	173
295	172
296	171
297	170
298	169
299	168
300	167
301	166
302	165
303	164
304	163
305	162
306	161
307	160
308	159
309	158
310	157
311	156
312	155
313	154
314	153
315	152
316	151
317	150
318	149
319	148
320	147
321	146
322	145
323	144
324	143
325	142
326	141
327	140
328	139
329	138
330	137
331	136
332	135
333	134
334	133
335	132
336	131
337	130
338	129
339	128
340	127
341	126
342	125
343	124
344	123
345	122
346	121
347	120
348	119
349	118
350	117
351	116
352	115
353	114
354	113
355	112
356	111
357	110
358	109
359	108
360	107
361	106
362	105
363	104
364	103
365	102
366	101
367	100
368	99
369	98
370	97
371	96
372	95
373	94
374	93
375	92
376	91
377	90
378	89
379	88
380	87
381	86
382	121
383	120
384	119
385	118
386	117
387	116
388	115
389	114
390	113
391	112
392	111
393	110
394	109
395	108
396	107
397	106
398	105
399	104
400	103
401	102
402	101
403	100
404	99
405	98
406	97
407	96
408	95
409	94
410	93
411	92
412	91
413	90
414	89
415	88
416	87
417	86
418	85
419	84
420	83
421	82
422	117
423	116
424	115
425	114
426	113
427	112
428	111
429	110
430	109
431	108
432	107
433	106
434	105
435	104
436	103
437	102
438	101
439	100
440	99
441	98
442	97
443	96
444	95
445	94
446	93
447	92
448	91
449	90
450	89
451	88
452	87
453	86
454	85
455	84
456	119
457	118
458	117
459	116
460	115
461	114
462	113
463	112
464	111
465	110
466	109
467	108
468	107
469	106
470	105
471	104
472	103
473	102
474	101
475	100
476	99
477	98
478	97
479	96
480	95
481	94
482	93
483	92
484	91
485	90
486	89
487	88
488	87
489	86
490	85
491	84
492	83
493	82
494	81
495	80
496	79
497	78
498	77
499	76
500	75
501	74
502	73
503	72
504	71
505	70
506	69
507	68
508	67
509	66
510	65
511	64
512	63
513	62
514	61
515	60
516	59
517	58
518	57
519	56
520	55
521	54
522	53
523	52
524	51
525	50
526	49
527	48
528	47
529	46
530	45
531	44
532	43
533	42
534	41
535	40
536	39
537	38
538	37
539	36
540	35
541	34
542	33
543	32
544	31
545	30
546	29
547	28
548	27
549	26
550	25
551	24
552	23
553	22
554	21
555	56
556	55
557	54
558	53
559	52
560	51
561	50
562	49
563	48
564	47
565	46
566	45
567	44
568	43
569	42
570	41
571	40
572	39
573	38
574	37
575	36
576	35
577	34
578	33
579	32
580	31
581	30
582	29
583	28
584	27
585	26
586	25
587	24
588	23
589	22
590	21
591	20
592	19
593	18
594	17
595	16
596	15
597	14
598	13
599	12
600	11
601	10
602	9
603	8
604	7
605	6
606	5
607	4
608	3
609	2
610	1
611	0
612	-1
613	-2
614	-3
615	-4
616	-5
617	-6
618	-7
619	-8
620	-9
621	-10
622	-11
623	-12
624	-13
625	-14
626	-15
627	-16
628	-17
629	-18
630	-19
631	-20
632	-21
633	-22
634	-23
635	-24
636	-25
637	-26
638	-27
639	-28
640	-29
641	-30
642	-31
643	-32
644	-33
645	-34
646	-35
647	-36
648	-37
649	-38
650	-39
651	-40
652	-41
653	-42
654	-43
655	-44
656	-45
657	-46
658	-47
659	-48
660	-49
661	-50
662	-51
663	-52
664	-53
665	-54
666	-55
667	-56
668	-57
669	-58
670	-59
671	-60
672	-61
673	-62
674	-63
675	-64
676	-65
677	-66
678	-67
679	-68
680	-69
681	-70
682	-71
683	-72
684	-73
685	-74
686	-75
687	-76
688	-77
689	-78
690	-79
691	-80
692	-81
693	-82
694	-83
695	-84
696	-85
697	-86
698	-87
699	-88
700	-89
701	-90
702	-91
703	-92
704	-93
705	-94
706	-95
707	-96
708	-97
709	-98
710	-99
711	-100
712	-101
713	-102
714	-103
715	-104
716	-105
717	-106
718	-107
719	-108
720	-109
721	-110
722	-111
723	-112
724	-113
725	-114
726	-115
727	-116
728	-117
729	-118
730	-119
731	-120
732	-121
733	-122
734	-123
735	-124
736	-125
737	-90
738	-91
739	-92
740	-93
741	-94
742	-95
743	-96
744	-97
745	-98
746	-99
747	-100
748	-101
749	-102
750	-103
751	-104
752	-105
753	-106
754	-107
755	-108
756	-109
757	-110
758	-111
759	-112
760	-113
761	-114
762	-115
763	-116
764	-117
765	-118
766	-119
767	-120
768	-121
769	-122
770	-123
771	-124
772	-125
773	-126
774	-127
775	-128
776	-129
777	-130
778	-131
779	-132
780	-133
781	-134
782	-135
783	-136
784	-137
785	-138
786	-139
787	-140
788	-141
789	-142
790	-143
791	-144
792	-145
793	-146
794	-147
795	-148
796	-113
797	-114
798	-115
799	-116
800	-117
801	-118
802	-119
803	-120
804	-121
805	-122
806	-123
807	-124
808	-125
809	-126
810	-127
811	-128
812	-129
813	-130
814	-131
815	-132
816	-133
817	-134
818	-135
819	-136
820	-137
821	-138
822	-139
823	-140
824	-141
825	-106
826	-107
827	-108
828	-109
829	-110
830	-111
831	-112
832	-113
833	-114
834	-115
835	-116
836	-117
837	-118
838	-119
839	-120
840	-121
841	-122
842	-123
843	-124
844	-125
845	-126
846	-127
847	-128
848	-129
849	-130
850	-131
851	-132
852	-133
853	-134
854	-135
855	-136
856	-137
857	-138
858	-139
859	-140
860	-141
861	-142
862	-143
863	-144
864	-145
865	-146
866	-147
867	-148
868	-149
869	-150
870	-151
871	-152
872	-153
873	-154
874	-155
875	-156
876	-157
877	-158
878	-159
879	-160
880	-161
881	-162
882	-163
883	-164
884	-165
885	-166
886	-167
887	-168
888	-169
889	-170
890	-171
891	-172
892	-173
893	-174
894	-175
895	-176
896	-177
897	-178
898	-179
899	-180
900	-181
901	-182
902	-183
903	-184
904	-185
905	-186
906	-187
907	-188
908	-189
909	-190
910	-191
911	-192
912	-193
913	-194
914	-195
915	-196
916	-197
917	-198
918	-199
919	-200
920	-201
921	-202
922	-203
923	-168
924	-169
925	-170
926	-171
927	-172
928	-173
929	-174
930	-175
931	-176
932	-177
933	-178
934	-179
935	-180
936	-181
937	-182
938	-183
939	-184
940	-185
941	-186
942	-187
943	-188
944	-189
945	-190
946	-191
947	-192
948	-193
949	-194
950	-195
951	-196
952	-197
953	-198
954	-199
955	-200
956	-201
957	-202
958	-203
959	-204
960	-205
961	-206
962	-207
963	-208
964	-209
965	-210
966	-211
967	-212
968	-213
969	-214
970	-215
971	-216
972	-217
973	-218
974	-219
975	-220
976	-221
977	-222
978	-223
979	-224
980	-225
981	-226
982	-227
983	-228
984	-229
985	-230
986	-231
987	-232
988	-233
989	-234
990	-235
991	-236
992	-237
993	-238
994	-239
995	-240
996	-241
997	-242
998	-243
999	-244
