0	0
0	-1
10	1
20	15
30	17
40	19
50	33
60	23
70	49
80	39
90	29
100	43
110	45
120	35
130	37
140	51
150	53
160	55
170	45
180	47
190	49
200	63
210	65
220	79
230	93
240	83
250	97
260	87
270	113
280	115
290	141
300	143
310	157
320	147
330	137
340	139
350	141
360	131
370	145
380	171
390	173
400	175
410	165
420	179
430	181
440	183
450	209
460	199
470	201
480	203
490	193
500	183
510	185
520	199
530	201
540	191
550	193
560	183
570	173
580	163
590	153
600	179
610	169
620	171
630	173
640	163
650	177
660	203
670	193
680	195
690	197
700	187
710	201
720	191
730	181
740	171
750	161
760	151
770	165
780	167
790	169
800	195
810	197
820	187
830	177
840	167
850	157
860	159
870	173
880	175
890	165
900	191
910	205
920	195
930	197
940	211
950	213
960	227
970	217
980	207
990	197
1000	211
1010	213
1020	203
1030	205
1040	207
1050	197
1060	187
1070	177
1080	167
1090	157
1100	171
1110	173
1120	163
1130	165
1140	167
1150	193
1160	207
1170	221
1180	235
1190	237
1200	239
1210	229
1220	231
1230	233
1240	223
1250	225
1260	215
1270	229
1280	219
1290	221
1300	223
1310	213
1320	203
1330	205
1340	207
1350	197
1360	235
1370	225
1380	227
1390	229
1400	231
1410	221
1420	211
1430	237
1440	251
1450	253
1460	291
1470	293
1480	307
1490	297
1500	299
1510	301
1520	315
1530	329
1540	343
1550	333
1560	347
1570	349
1580	363
1590	353
1600	343
1610	345
1620	347
1630	349
1640	375
1650	365
1660	367
1670	369
1680	395
1690	385
1700	399
1710	389
1720	403
1730	417
1740	419
1750	409
1760	399
1770	401
1780	391
1790	393
1800	407
1810	397
1820	411
1830	413
1840	403
1850	393
1860	395
1870	409
1880	411
1890	413
1900	415
1910	417
1920	419
1930	421
1940	423
1950	437
1960	463
1970	465
1980	455
1990	469
2000	483
2010	497
2020	499
2030	501
2040	503
2050	493
2060	483
2070	473
2080	463
2090	465
2100	455
2110	445
2120	447
2130	449
2140	439
2150	441
2160	443
2170	469
2180	459
2190	473
2200	475
2210	465
2220	467
2230	457
2240	459
2250	485
2260	475
2270	477
2280	467
2290	457
2300	459
2310	449
2320	451
2330	441
2340	455
2350	457
2360	471
2370	461
2380	475
2390	465
2400	467
2410	469
2420	471
2430	461
2440	451
2450	441
2460	431
2470	433
2480	435
2490	437
2500	427
2510	417
2520	419
2530	433
2540	435
2550	425
2560	415
2570	405
2580	407
2590	421
2600	435
2610	425
2620	427
2630	417
2640	431
2650	433
2660	423
2670	413
2680	403
2690	417
2700	431
2710	445
2720	483
2730	497
2740	487
2750	489
2760	491
2770	493
2780	507
2790	497
2800	499
2810	501
2820	503
2830	517
2840	507
2850	497
2860	487
2870	477
2880	479
2890	493
2900	483
2910	473
2920	463
2930	465
2940	455
2950	469
2960	459
2970	461
2980	475
2990	477
3000	467
3010	457
3020	447
3030	437
3040	427
3050	417
3060	407
3070	409
3080	411
3090	413
3100	403
3110	453
3120	455
3130	457
3140	447
3150	449
3160	439
3170	429
3180	419
3190	421
3200	411
3210	413
3220	415
3230	405
3240	395
3250	397
3260	387
3270	401
3280	391
3290	381
3300	395
3310	397
3320	411
3330	425
3340	415
3350	429
3360	419
3370	409
3380	411
3390	401
3400	391
3410	393
3420	407
3430	421
3440	411
3450	401
3460	403
3470	405
3480	407
3490	421
3500	447
3510	449
3520	451
3530	453
3540	443
3550	445
3560	435
3570	449
3580	439
3590	465
3600	455
3610	445
3620	435
3630	425
3640	415
3650	417
3660	407
3670	409
3680	411
3690	413
3700	415
3710	417
3720	407
3730	397
3740	399
3750	401
3760	427
3770	429
3780	419
3790	409
3800	399
3810	389
3820	391
3830	405
3840	395
3850	385
3860	387
3870	377
3880	367
3890	369
3900	359
3910	373
3920	363
3930	365
3940	367
3950	369
3960	371
3970	385
3980	387
3990	389
4000	391
4010	381
4020	371
4030	373
4040	375
4050	389
4060	379
4070	393
4080	383
4090	385
4100	387
4110	401
4120	391
4130	429
4140	443
4150	433
4160	423
4170	425
4180	451
4190	441
4200	443
4210	433
4220	447
4230	449
4240	451
4250	453
4260	467
4270	481
4280	471
4290	461
4300	451
4310	453
4320	455
4330	481
4340	471
4350	461
4360	463
4370	453
4380	467
4390	457
4400	459
4410	461
4420	451
4430	453
4440	443
4450	445
4460	447
4470	437
4480	439
4490	429
4500	419
4510	409
4520	411
4530	413
4540	415
4550	405
4560	407
4570	397
4580	399
4590	401
4600	403
4610	405
4620	407
4630	397
4640	399
4650	401
4660	403
4670	405
4680	395
4690	385
4700	375
4710	377
4720	391
4730	393
4740	395
4750	397
4760	399
4770	401
4780	403
4790	441
4800	455
4810	445
4820	435
4830	437
4840	463
4850	453
4860	443
4870	433
4880	435
4890	425
4900	427
4910	417
4920	419
4930	409
4940	411
4950	425
4960	439
4970	453
4980	443
4990	457
5000	471
5010	461
5020	463
5030	465
5040	467
5050	469
5060	459
5070	461
5080	463
5090	453
5100	455
5110	445
5120	435
5130	437
5140	427
5150	441
5160	455
5170	445
5180	435
5190	425
5200	415
5210	405
5220	419
5230	409
5240	399
5250	413
5260	403
5270	405
5280	419
5290	421
5300	411
5310	425
5320	415
5330	417
5340	419
5350	421
5360	435
5370	437
5380	451
5390	465
5400	455
5410	457
5420	471
5430	461
5440	463
5450	453
5460	455
5470	457
5480	447
5490	449
5500	451
5510	465
5520	467
5530	469
5540	471
5550	461
5560	451
5570	441
5580	443
5590	433
5600	435
5610	449
5620	463
5630	453
5640	479
5650	469
5660	471
5670	461
5680	463
5690	453
5700	443
5710	445
5720	447
5730	437
5740	427
5750	429
5760	431
5770	433
5780	447
5790	437
5800	439
5810	429
5820	419
5830	409
5840	435
5850	437
5860	439
5870	453
5880	467
5890	457
5900	459
5910	461
5920	451
5930	441
5940	431
5950	433
5960	435
5970	437
5980	427
5990	417
6000	407
6010	433
6020	447
6030	437
6040	439
6050	441
6060	431
6070	433
6080	435
6090	425
6100	439
6110	465
6120	455
6130	445
6140	447
6150	473
6160	487
6170	489
6180	515
6190	505
6200	495
6210	497
6220	499
6230	513
6240	503
6250	505
6260	495
6270	521
6280	511
6290	501
6300	503
6310	517
6320	507
6330	533
6340	535
6350	525
6360	515
6370	505
6380	507
6390	497
6400	499
6410	501
6420	503
6430	493
6440	495
6450	485
6460	487
6470	477
6480	479
6490	469
6500	471
6510	473
6520	487
6530	513
6540	515
6550	505
6560	507
6570	521
6580	535
6590	525
6600	515
6610	517
6620	507
6630	497
6640	499
6650	501
6660	491
6670	481
6680	483
6690	485
6700	487
6710	477
6720	479
6730	481
6740	471
6750	461
6760	463
6770	453
6780	467
6790	469
6800	459
6810	449
6820	463
6830	453
6840	455
6850	457
6860	471
6870	461
6880	475
6890	477
6900	467
6910	469
6920	471
6930	461
6940	475
6950	465
6960	455
6970	445
6980	435
6990	425
7000	439
7010	441
7020	443
7030	457
7040	471
7050	461
7060	451
7070	441
7080	431
7090	433
7100	423
7110	413
7120	403
7130	393
7140	407
7150	397
7160	387
7170	389
7180	379
7190	393
7200	407
7210	397
7220	399
7230	413
7240	415
7250	417
7260	419
7270	409
7280	411
7290	413
7300	415
7310	405
7320	407
7330	409
7340	399
7350	401
7360	403
7370	393
7380	383
7390	373
7400	387
7410	401
7420	391
7430	393
7440	383
7450	397
7460	411
7470	425
7480	439
7490	429
7500	419
7510	409
7520	411
7530	413
7540	427
7550	417
7560	431
7570	433
7580	423
7590	413
7600	403
7610	393
7620	383
7630	397
7640	387
7650	389
7660	403
7670	393
7680	383
7690	385
7700	375
7710	389
7720	391
7730	381
7740	395
7750	397
7760	399
7770	389
7780	391
7790	381
7800	371
7810	361
7820	351
7830	341
7840	331
7850	321
7860	311
7870	313
7880	327
7890	341
7900	367
7910	381
7920	383
7930	373
7940	375
7950	365
7960	355
7970	345
7980	335
7990	325
8000	327
8010	329
8020	343
8030	333
8040	335
8050	325
8060	339
8070	329
8080	331
8090	321
8100	311
8110	301
8120	291
8130	281
8140	271
8150	297
8160	311
8170	313
8180	315
8190	329
8200	319
8210	321
8220	323
8230	313
8240	315
8250	317
8260	319
8270	309
8280	299
8290	289
8300	315
8310	317
8320	307
8330	309
8340	311
8350	313
8360	315
8370	305
8380	319
8390	321
8400	323
8410	325
8420	339
8430	341
8440	355
8450	345
8460	347
8470	337
8480	327
8490	317
8500	307
8510	309
8520	299
8530	301
8540	303
8550	293
8560	295
8570	285
8580	275
8590	265
8600	267
8610	257
8620	247
8630	249
8640	239
8650	229
8660	243
8670	245
8680	259
8690	249
8700	239
8710	241
8720	231
8730	245
8740	247
8750	249
8760	251
8770	265
8780	255
8790	269
8800	319
8810	309
8820	311
8830	301
8840	303
8850	293
8860	307
8870	309
8880	299
8890	289
8900	279
8910	293
8920	295
8930	285
8940	275
8950	265
8960	267
8970	269
8980	259
8990	273
9000	287
9010	277
9020	291
9030	281
9040	283
9050	285
9060	275
9070	265
9080	267
9090	269
9100	271
9110	273
9120	263
9130	253
9140	291
9150	305
9160	307
9170	309
9180	299
9190	313
9200	315
9210	305
9220	319
9230	309
9240	311
9250	301
9260	327
9270	341
9280	331
9290	333
9300	323
9310	313
9320	303
9330	293
9340	283
9350	285
9360	287
9370	289
9380	315
9390	329
9400	343
9410	345
9420	335
9430	337
9440	339
9450	329
9460	331
9470	321
9480	311
9490	325
9500	363
9510	353
9520	367
9530	369
9540	383
9550	385
9560	399
9570	413
9580	415
9590	429
9600	431
9610	421
9620	411
9630	401
9640	391
9650	405
9660	395
9670	397
9680	411
9690	401
9700	415
9710	441
9720	443
9730	445
9740	435
9750	425
9760	451
9770	441
9780	443
9790	445
9800	459
9810	461
9820	463
9830	465
9840	455
9850	457
9860	459
9870	449
9880	439
9890	429
9900	443
9910	445
9920	447
9930	473
9940	463
9950	477
9960	479
9970	469
9980	459
9990	449
