0	0
0	-1
1	-2
2	-3
3	-4
4	-5
5	-6
6	-7
7	-8
8	-9
9	-10
10	-11
11	-12
12	-13
13	-14
14	-15
15	-16
16	-17
17	-18
18	-19
19	-20
20	-21
21	-22
22	-11
23	-12
24	-1
25	10
26	9
27	8
28	7
29	6
30	5
31	4
32	3
33	2
34	1
35	0
36	-1
37	-2
38	9
39	8
40	7
41	6
42	5
43	4
44	3
45	2
46	1
47	0
48	-1
49	-2
50	-3
51	-4
52	-5
53	-6
54	-7
55	-8
56	-9
57	-10
58	-11
59	-12
60	-13
61	-14
62	-15
63	-16
64	-17
65	-18
66	-19
67	-20
68	-9
69	-10
70	1
71	0
72	-1
73	-2
74	9
75	8
76	7
77	6
78	5
79	4
80	3
81	2
82	1
83	0
84	-1
85	-2
86	9
87	8
88	7
89	6
90	5
91	16
92	15
93	14
94	13
95	24
96	23
97	22
98	21
99	20
100	19
101	18
102	17
103	16
104	15
105	14
106	13
107	12
108	11
109	10
110	9
111	8
112	7
113	6
114	5
115	4
116	3
117	2
118	1
119	0
120	-1
121	-2
122	-3
123	-4
124	7
125	6
126	5
127	4
128	3
129	2
130	1
131	0
132	-1
133	-2
134	9
135	8
136	7
137	6
138	5
139	4
140	15
141	14
142	13
143	12
144	11
145	10
146	9
147	8
148	7
149	6
150	5
151	4
152	3
153	14
154	13
155	12
156	11
157	10
158	9
159	8
160	7
161	6
162	5
163	4
164	3
165	14
166	13
167	12
168	11
169	10
170	9
171	8
172	7
173	6
174	17
175	16
176	15
177	14
178	13
179	12
180	11
181	10
182	9
183	8
184	7
185	18
186	17
187	16
188	15
189	14
190	13
191	12
192	11
193	10
194	9
195	8
196	7
197	6
198	5
199	4
200	15
201	14
202	13
203	12
204	11
205	10
206	9
207	8
208	7
209	6
210	5
211	4
212	3
213	2
214	1
215	0
216	-1
217	-2
218	-3
219	-4
220	-5
221	-6
222	-7
223	-8
224	3
225	2
226	1
227	0
228	-1
229	-2
230	-3
231	-4
232	-5
233	-6
234	-7
235	-8
236	-9
237	-10
238	-11
239	-12
240	-13
241	-14
242	-3
243	-4
244	-5
245	-6
246	-7
247	-8
248	-9
249	-10
250	-11
251	-12
252	-13
253	-14
254	-15
255	-4
256	-5
257	-6
258	-7
259	-8
260	-9
261	-10
262	-11
263	0
264	-1
265	-2
266	-3
267	-4
268	-5
269	-6
270	-7
271	-8
272	-9
273	-10
274	-11
275	-12
276	-13
277	-14
278	-15
279	-16
280	-17
281	-18
282	-19
283	-20
284	-21
285	-10
286	-11
287	-12
288	-13
289	-14
290	-15
291	-16
292	-17
293	-6
294	-7
295	-8
296	-9
297	-10
298	-11
299	-12
300	-13
301	-14
302	-15
303	-16
304	-17
305	-6
306	-7
307	-8
308	-9
309	-10
310	-11
311	-12
312	-13
313	-14
314	-15
315	-4
316	-5
317	-6
318	-7
319	-8
320	-9
321	-10
322	-11
323	-12
324	-13
325	-14
326	-15
327	-4
328	-5
329	-6
330	-7
331	-8
332	-9
333	2
334	1
335	0
336	-1
337	-2
338	-3
339	-4
340	-5
341	-6
342	-7
343	-8
344	-9
345	-10
346	-11
347	-12
348	-13
349	-14
350	-15
351	-16
352	-17
353	-18
354	-19
355	-20
356	-21
357	-22
358	-23
359	-24
360	-25
361	-26
362	-27
363	-16
364	-17
365	-18
366	-7
367	4
368	3
369	2
370	1
371	0
372	11
373	10
374	9
375	8
376	19
377	18
378	17
379	16
380	15
381	14
382	13
383	12
384	11
385	10
386	9
387	8
388	7
389	6
390	5
391	4
392	3
393	2
394	1
395	12
396	11
397	10
398	9
399	8
400	7
401	6
402	5
403	4
404	3
405	2
406	1
407	0
408	-1
409	-2
410	-3
411	-4
412	-5
413	-6
414	-7
415	-8
416	-9
417	2
418	1
419	0
420	-1
421	-2
422	-3
423	-4
424	-5
425	-6
426	-7
427	-8
428	-9
429	-10
430	-11
431	-12
432	-13
433	-14
434	-15
435	-16
436	-17
437	-18
438	-19
439	-20
440	-21
441	-22
442	-23
443	-24
444	-25
445	-26
446	-27
447	-28
448	-29
449	-30
450	-31
451	-32
452	-33
453	-34
454	-35
455	-36
456	-37
457	-38
458	-39
459	-40
460	-41
461	-42
462	-43
463	-44
464	-45
465	-46
466	-47
467	-48
468	-49
469	-38
470	-39
471	-40
472	-41
473	-42
474	-43
475	-44
476	-45
477	-46
478	-47
479	-48
480	-49
481	-50
482	-51
483	-52
484	-53
485	-54
486	-55
487	-56
488	-57
489	-58
490	-59
491	-48
492	-49
493	-50
494	-51
495	-52
496	-53
497	-54
498	-55
499	-56
500	-57
501	-58
502	-59
503	-60
504	-61
505	-62
506	-63
507	-64
508	-65
509	-66
510	-67
511	-68
512	-69
513	-70
514	-71
515	-72
516	-73
517	-74
518	-75
519	-76
520	-77
521	-78
522	-79
523	-80
524	-81
525	-82
526	-83
527	-84
528	-85
529	-86
530	-87
531	-88
532	-89
533	-90
534	-91
535	-92
536	-93
537	-94
538	-95
539	-96
540	-97
541	-98
542	-99
543	-100
544	-101
545	-102
546	-103
547	-104
548	-105
549	-106
550	-107
551	-108
552	-109
553	-110
554	-111
555	-112
556	-113
557	-114
558	-115
559	-116
560	-117
561	-106
562	-107
563	-108
564	-109
565	-110
566	-111
567	-112
568	-113
569	-114
570	-115
571	-116
572	-117
573	-106
574	-107
575	-96
576	-97
577	-98
578	-99
579	-100
580	-101
581	-90
582	-91
583	-92
584	-93
585	-94
586	-95
587	-96
588	-97
589	-98
590	-99
591	-100
592	-101
593	-102
594	-103
595	-104
596	-105
597	-106
598	-107
599	-108
600	-109
601	-110
602	-111
603	-112
604	-113
605	-114
606	-115
607	-116
608	-117
609	-118
610	-119
611	-108
612	-109
613	-110
614	-111
615	-112
616	-113
617	-114
618	-103
619	-104
620	-105
621	-106
622	-107
623	-108
624	-109
625	-110
626	-111
627	-100
628	-101
629	-102
630	-103
631	-104
632	-93
633	-94
634	-95
635	-96
636	-97
637	-98
638	-87
639	-88
640	-89
641	-90
642	-91
643	-92
644	-93
645	-94
646	-95
647	-96
648	-97
649	-98
650	-99
651	-100
652	-101
653	-102
654	-103
655	-104
656	-105
657	-106
658	-95
659	-96
660	-97
661	-98
662	-99
663	-100
664	-101
665	-102
666	-103
667	-104
668	-105
669	-106
670	-107
671	-108
672	-109
673	-110
674	-111
675	-112
676	-113
677	-114
678	-115
679	-116
680	-117
681	-118
682	-119
683	-108
684	-109
685	-98
686	-99
687	-100
688	-101
689	-102
690	-103
691	-104
692	-105
693	-106
694	-107
695	-108
696	-109
697	-98
698	-87
699	-88
700	-89
701	-90
702	-91
703	-92
704	-93
705	-82
706	-83
707	-84
708	-85
709	-86
710	-87
711	-76
712	-77
713	-78
714	-67
715	-56
716	-57
717	-58
718	-59
719	-60
720	-61
721	-62
722	-63
723	-64
724	-65
725	-66
726	-67
727	-68
728	-69
729	-70
730	-71
731	-72
732	-73
733	-74
734	-75
735	-64
736	-65
737	-66
738	-67
739	-68
740	-69
741	-70
742	-71
743	-72
744	-73
745	-74
746	-75
747	-76
748	-77
749	-78
750	-79
751	-68
752	-69
753	-70
754	-71
755	-72
756	-73
757	-74
758	-75
759	-76
760	-77
761	-66
762	-67
763	-68
764	-69
765	-70
766	-71
767	-72
768	-73
769	-74
770	-75
771	-76
772	-77
773	-78
774	-79
775	-80
776	-81
777	-82
778	-71
779	-72
780	-73
781	-74
782	-75
783	-76
784	-77
785	-78
786	-79
787	-80
788	-81
789	-82
790	-83
791	-84
792	-85
793	-86
794	-87
795	-88
796	-89
797	-90
798	-79
799	-80
800	-81
801	-82
802	-83
803	-84
804	-85
805	-86
806	-87
807	-88
808	-89
809	-90
810	-91
811	-80
812	-81
813	-82
814	-83
815	-84
816	-73
817	-74
818	-75
819	-76
820	-77
821	-78
822	-79
823	-80
824	-81
825	-82
826	-83
827	-84
828	-85
829	-86
830	-75
831	-76
832	-77
833	-78
834	-79
835	-80
836	-81
837	-82
838	-83
839	-84
840	-85
841	-86
842	-75
843	-76
844	-77
845	-78
846	-79
847	-80
848	-81
849	-82
850	-83
851	-84
852	-85
853	-74
854	-63
855	-64
856	-65
857	-66
858	-67
859	-68
860	-69
861	-70
862	-59
863	-60
864	-61
865	-62
866	-63
867	-64
868	-53
869	-54
870	-55
871	-56
872	-57
873	-58
874	-59
875	-60
876	-61
877	-62
878	-63
879	-64
880	-65
881	-66
882	-67
883	-68
884	-69
885	-70
886	-71
887	-72
888	-73
889	-74
890	-75
891	-76
892	-77
893	-78
894	-79
895	-80
896	-81
897	-82
898	-83
899	-84
900	-85
901	-74
902	-75
903	-76
904	-77
905	-78
906	-79
907	-80
908	-81
909	-82
910	-83
911	-84
912	-85
913	-86
914	-87
915	-88
916	-89
917	-90
918	-91
919	-92
920	-81
921	-70
922	-71
923	-72
924	-73
925	-74
926	-75
927	-76
928	-77
929	-78
930	-79
931	-80
932	-81
933	-82
934	-83
935	-72
936	-73
937	-62
938	-63
939	-64
940	-65
941	-66
942	-67
943	-68
944	-69
945	-70
946	-71
947	-72
948	-73
949	-74
950	-75
951	-76
952	-77
953	-78
954	-79
955	-80
956	-81
957	-82
958	-71
959	-72
960	-73
961	-74
962	-75
963	-76
964	-77
965	-78
966	-79
967	-80
968	-81
969	-82
970	-83
971	-84
972	-85
973	-86
974	-87
975	-88
976	-89
977	-90
978	-79
979	-80
980	-81
981	-82
982	-83
983	-84
984	-85
985	-86
986	-87
987	-88
988	-89
989	-90
990	-91
991	-92
992	-93
993	-94
994	-95
995	-96
996	-97
997	-98
998	-99
999	-100
